windows/stream/Debug/test_output_float_win32.asc
ncols 100
nrows 100
xllcorner 1.9252e+06
yllcorner 5.7735e+06
cellsize 8
NODATA_value -99999
[rows 30 to 59 of 100, columns 0 to 66 of 100]
132.448 131.825 129.681 127.867 126.319 124.967 123.756 122.651 121.624 120.659 119.745 118.872 118.035 117.23 116.454 115.706 114.986 114.295 113.632 112.999 112.399 111.832 111.301 110.807 110.353 109.94 109.571 109.247 108.97 108.737 108.541 108.359 108.128 107.78 107.763 108.085 108.449 108.738 109.017 109.318 109.655 110.033 110.451 110.904 111.388 111.899 112.431 112.979 113.537 114.1 114.662 115.217 115.76 116.286 116.79 117.268 117.717 118.135 118.518 118.867 119.179 119.458 119.703 119.918 120.106 120.27 120.415
134.705 133.752 131.357 129.363 127.68 126.222 124.925 123.744 122.652 121.629 120.662 119.742 118.861 118.015 117.201 116.418 115.666 114.944 114.254 113.596 112.972 112.383 111.831 111.318 110.845 110.415 110.03 109.69 109.397 109.151 108.945 108.76 108.543 108.216 108.084 108.374 108.754 109.049 109.329 109.626 109.958 110.332 110.746 111.196 111.678 112.189 112.721 113.27 113.831 114.397 114.963 115.523 116.071 116.603 117.114 117.598 118.054 118.477 118.866 119.219 119.536 119.817 120.064 120.278 120.464 120.625 120.764
136.034 135.004 132.548 130.516 128.798 127.301 125.961 124.737 123.602 122.537 121.529 120.568 119.649 118.767 117.92 117.106 116.325 115.576 114.861 114.18 113.534 112.926 112.355 111.825 111.335 110.889 110.488 110.133 109.827 109.568 109.352 109.162 108.955 108.655 108.427 108.676 109.058 109.364 109.645 109.939 110.267 110.635 111.044 111.492 111.972 112.481 113.014 113.564 114.127 114.696 115.266 115.831 116.384 116.922 117.438 117.929 118.391 118.821 119.215 119.573 119.894 120.177 120.425 120.64 120.824 120.982 121.115
136.241 135.467 133.221 131.32 129.674 128.206 126.87 125.633 124.476 123.383 122.344 121.351 120.399 119.487 118.61 117.769 116.962 116.19 115.452 114.751 114.086 113.459 112.872 112.326 111.822 111.361 110.946 110.578 110.258 109.987 109.762 109.567 109.365 109.089 108.796 108.992 109.364 109.682 109.965 110.257 110.579 110.942 111.347 111.791 112.269 112.776 113.309 113.86 114.424 114.996 115.57 116.139 116.698 117.241 117.764 118.261 118.729 119.164 119.565 119.927 120.252 120.538 120.788 121.003 121.186 121.339 121.467
135.088 135.15 133.419 131.825 130.346 128.967 127.672 126.447 125.283 124.172 123.108 122.089 121.11 120.171 119.269 118.404 117.575 116.782 116.026 115.307 114.625 113.983 113.381 112.821 112.304 111.831 111.404 111.023 110.692 110.41 110.175 109.973 109.776 109.514 109.192 109.322 109.669 110.004 110.289 110.579 110.897 111.254 111.654 112.094 112.569 113.074 113.606 114.157 114.723 115.298 115.874 116.448 117.012 117.56 118.089 118.592 119.066 119.508 119.913 120.281 120.61 120.899 121.151 121.366 121.547 121.698 121.82
133.379 134.377 133.365 132.158 130.899 129.64 128.403 127.199 126.033 124.908 123.824 122.782 121.78 120.818 119.895 119.01 118.162 117.352 116.58 115.846 115.151 114.496 113.882 113.31 112.781 112.298 111.859 111.468 111.126 110.834 110.59 110.383 110.186 109.938 109.614 109.658 109.98 110.328 110.617 110.905 111.218 111.57 111.965 112.4 112.871 113.375 113.905 114.456 115.023 115.599 116.179 116.756 117.324 117.878 118.413 118.922 119.402 119.849 120.261 120.634 120.967 121.26 121.513 121.729 121.909 122.057 122.174
131.129 133.58 133.335 132.504 131.449 130.292 129.099 127.907 126.736 125.597 124.494 123.432 122.41 121.428 120.487 119.585 118.723 117.899 117.114 116.368 115.662 114.997 114.373 113.791 113.253 112.761 112.313 111.913 111.561 111.26 111.007 110.794 110.598 110.362 110.048 109.998 110.297 110.656 110.949 111.235 111.543 111.89 112.279 112.709 113.176 113.677 114.205 114.756 115.323 115.9 116.483 117.063 117.636 118.195 118.734 119.25 119.736 120.189 120.606 120.985 121.322 121.619 121.874 122.091 122.271 122.416 122.528
130.603 133.597 133.73 133.073 132.101 130.976 129.789 128.587 127.4 126.241 125.119 124.037 122.998 122 121.044 120.129 119.255 118.42 117.626 116.872 116.157 115.484 114.853 114.264 113.719 113.219 112.764 112.356 111.997 111.687 111.426 111.208 111.01 110.786 110.484 110.352 110.623 110.985 111.283 111.568 111.872 112.212 112.595 113.02 113.483 113.98 114.506 115.055 115.622 116.201 116.785 117.368 117.945 118.508 119.053 119.574 120.066 120.525 120.948 121.332 121.675 121.975 122.233 122.451 122.63 122.774 122.882
132.949 135.006 134.771 133.959 132.899 131.715 130.483 129.245 128.027 126.842 125.698 124.598 123.542 122.531 121.564 120.639 119.757 118.915 118.115 117.355 116.636 115.958 115.321 114.728 114.177 113.672 113.212 112.798 112.431 112.114 111.846 111.623 111.424 111.209 110.921 110.723 110.958 111.315 111.62 111.904 112.203 112.538 112.914 113.333 113.791 114.284 114.807 115.354 115.92 116.499 117.085 117.671 118.251 118.819 119.368 119.895 120.393 120.858 121.286 121.676 122.023 122.327 122.589 122.808 122.988 123.129 123.234
136.451 137.261 136.277 135.09 133.813 132.494 131.173 129.874 128.613 127.396 126.229 125.111 124.042 123.02 122.045 121.115 120.228 119.383 118.58 117.818 117.097 116.416 115.778 115.181 114.628 114.119 113.655 113.236 112.865 112.541 112.268 112.039 111.839 111.63 111.358 111.111 111.303 111.647 111.96 112.242 112.537 112.865 113.234 113.647 114.099 114.587 115.107 115.652 116.217 116.796 117.382 117.97 118.553 119.125 119.679 120.211 120.714 121.185 121.619 122.014 122.367 122.675 122.94 123.161 123.342 123.482 123.584
139.37 139.569 137.914 136.312 134.762 133.268 131.833 130.458 129.146 127.896 126.705 125.572 124.493 123.465 122.486 121.554 120.667 119.822 119.02 118.259 117.538 116.859 116.221 115.624 115.07 114.559 114.093 113.671 113.296 112.968 112.689 112.456 112.253 112.049 111.79 111.516 111.655 111.981 112.3 112.583 112.872 113.193 113.555 113.961 114.407 114.89 115.405 115.947 116.51 117.089 117.676 118.265 118.85 119.426 119.984 120.521 121.029 121.506 121.946 122.347 122.704 123.018 123.286 123.51 123.691 123.831 123.931
142.235 141.697 139.48 137.474 135.652 133.974 132.418 130.966 129.605 128.324 127.115 125.973 124.891 123.863 122.885 121.956 121.072 120.232 119.434 118.677 117.961 117.285 116.649 116.055 115.502 114.992 114.525 114.102 113.724 113.392 113.109 112.872 112.667 112.467 112.218 111.935 112.01 112.316 112.642 112.923 113.208 113.522 113.877 114.275 114.714 115.192 115.702 116.24 116.801 117.378 117.965 118.555 119.143 119.721 120.283 120.824 121.338 121.82 122.266 122.672 123.035 123.354 123.626 123.853 124.036 124.176 124.274
144.713 143.493 140.784 138.433 136.376 134.545 132.891 131.377 129.978 128.675 127.456 126.311 125.23 124.208 123.239 122.318 121.442 120.61 119.82 119.071 118.362 117.693 117.063 116.473 115.924 115.416 114.95 114.527 114.148 113.814 113.527 113.286 113.08 112.882 112.644 112.363 112.369 112.656 112.984 113.265 113.544 113.851 114.197 114.587 115.02 115.491 115.996 116.53 117.087 117.662 118.248 118.839 119.428 120.009 120.575 121.121 121.64 122.127 122.579 122.99 123.359 123.682 123.959 124.189 124.374 124.515 124.611
146.29 144.654 141.633 139.067 136.863 134.935 133.219 131.668 130.25 128.94 127.722 126.582 125.511 124.5 123.544 122.638 121.776 120.957 120.179 119.442 118.743 118.083 117.461 116.878 116.334 115.83 115.367 114.946 114.566 114.231 113.942 113.698 113.49 113.294 113.067 112.79 112.732 112.998 113.325 113.605 113.879 114.178 114.516 114.898 115.323 115.787 116.286 116.815 117.369 117.942 118.526 119.117 119.708 120.291 120.86 121.409 121.933 122.426 122.883 123.3 123.675 124.003 124.284 124.518 124.705 124.847 124.943
146.567 144.997 141.932 139.311 137.062 135.106 133.376 131.823 130.41 129.111 127.908 126.785 125.732 124.74 123.803 122.915 122.074 121.272 120.51 119.787 119.101 118.453 117.842 117.268 116.732 116.234 115.775 115.357 114.979 114.643 114.353 114.106 113.896 113.702 113.483 113.213 113.102 113.344 113.664 113.944 114.212 114.504 114.833 115.206 115.623 116.08 116.572 117.096 117.646 118.215 118.798 119.388 119.979 120.564 121.136 121.689 122.218 122.716 123.178 123.601 123.981 124.315 124.601 124.839 125.029 125.173 125.269
146.082 144.635 141.687 139.146 136.955 135.043 133.35 131.831 130.451 129.184 128.011 126.917 125.892 124.926 124.015 123.151 122.333 121.554 120.812 120.106 119.437 118.804 118.205 117.643 117.116 116.625 116.173 115.759 115.383 115.049 114.757 114.509 114.298 114.104 113.893 113.631 113.478 113.691 114.002 114.28 114.543 114.826 115.147 115.51 115.918 116.367 116.853 117.371 117.916 118.482 119.063 119.652 120.243 120.829 121.404 121.961 122.493 122.996 123.464 123.893 124.278 124.618 124.909 125.151 125.344 125.49 125.587
144.462 143.553 140.928 138.598 136.554 134.751 133.145 131.695 130.375 129.159 128.032 126.98 125.992 125.061 124.181 123.347 122.555 121.803 121.085 120.4 119.75 119.134 118.551 118.001 117.485 117.004 116.559 116.151 115.779 115.446 115.155 114.905 114.693 114.5 114.295 114.044 113.859 114.039 114.336 114.612 114.869 115.144 115.456 115.81 116.209 116.65 117.129 117.64 118.18 118.742 119.32 119.908 120.499 121.086 121.663 122.223 122.759 123.267 123.74 124.174 124.566 124.911 125.207 125.454 125.651 125.799 125.898
142.465 142.004 139.763 137.725 135.901 134.26 132.778 131.428 130.189 129.043 127.975 126.976 126.035 125.145 124.303 123.503 122.743 122.019 121.329 120.669 120.04 119.443 118.877 118.342 117.839 117.369 116.932 116.531 116.164 115.835 115.544 115.294 115.08 114.887 114.688 114.448 114.242 114.385 114.667 114.941 115.191 115.458 115.76 116.105 116.495 116.927 117.398 117.903 118.437 118.995 119.57 120.156 120.746 121.334 121.912 122.475 123.015 123.527 124.006 124.446 124.843 125.194 125.496 125.747 125.948 126.099 126.2
140.202 140.143 138.309 136.602 135.035 133.599 132.275 131.048 129.909 128.845 127.848 126.91 126.023 125.183 124.383 123.622 122.897 122.205 121.545 120.912 120.307 119.731 119.184 118.665 118.177 117.719 117.292 116.898 116.538 116.212 115.923 115.673 115.458 115.266 115.071 114.841 114.624 114.727 114.994 115.263 115.507 115.765 116.057 116.393 116.773 117.197 117.66 118.158 118.687 119.239 119.811 120.394 120.983 121.571 122.151 122.718 123.261 123.778 124.261 124.706 125.109 125.466 125.774 126.03 126.236 126.39 126.494
137.291 137.987 136.655 135.315 134.029 132.81 131.66 130.577 129.55 128.579 127.662 126.791 125.964 125.177 124.425 123.706 123.019 122.362 121.733 121.13 120.55 119.997 119.47 118.97 118.497 118.052 117.637 117.252 116.898 116.577 116.291 116.04 115.824 115.633 115.443 115.222 115.003 115.065 115.315 115.579 115.817 116.065 116.348 116.674 117.045 117.46 117.915 118.406 118.928 119.476 120.043 120.623 121.211 121.799 122.381 122.949 123.498 124.018 124.506 124.957 125.365 125.728 126.041 126.303 126.513 126.672 126.778
134.679 135.82 134.949 133.959 132.948 131.948 130.974 130.034 129.131 128.259 127.425 126.627 125.864 125.133 124.432 123.758 123.111 122.491 121.895 121.323 120.771 120.242 119.737 119.256 118.8 118.369 117.965 117.59 117.244 116.928 116.645 116.396 116.179 115.988 115.801 115.59 115.375 115.399 115.631 115.888 116.118 116.358 116.631 116.947 117.309 117.715 118.162 118.646 119.162 119.704 120.267 120.844 121.43 122.018 122.6 123.171 123.722 124.248 124.741 125.197 125.611 125.979 126.298 126.566 126.781 126.943 127.053
132.244 133.762 133.284 132.611 131.851 131.056 130.251 129.451 128.665 127.899 127.151 126.428 125.73 125.056 124.407 123.781 123.176 122.594 122.032 121.492 120.969 120.466 119.983 119.522 119.084 118.668 118.277 117.911 117.574 117.264 116.985 116.737 116.52 116.329 116.146 115.946 115.737 115.727 115.941 116.189 116.411 116.642 116.906 117.212 117.565 117.962 118.401 118.877 119.387 119.924 120.482 121.056 121.64 122.227 122.81 123.383 123.937 124.467 124.966 125.427 125.846 126.22 126.545 126.818 127.038 127.204 127.318
130.019 131.922 131.747 131.323 130.784 130.17 129.519 128.85 128.177 127.509 126.85 126.201 125.568 124.954 124.357 123.779 123.217 122.673 122.147 121.639 121.146 120.669 120.209 119.769 119.348 118.948 118.57 118.216 117.887 117.584 117.309 117.062 116.845 116.655 116.477 116.286 116.084 116.047 116.244 116.48 116.694 116.916 117.171 117.468 117.811 118.2 118.631 119.1 119.603 120.134 120.688 121.259 121.841 122.428 123.011 123.585 124.143 124.676 125.18 125.646 126.071 126.45 126.781 127.06 127.285 127.456 127.574
128.414 130.407 130.397 130.149 129.779 129.319 128.802 128.251 127.683 127.106 126.53 125.955 125.387 124.83 124.285 123.754 123.236 122.731 122.24 121.764 121.302 120.851 120.415 119.996 119.594 119.21 118.845 118.502 118.182 117.886 117.615 117.371 117.155 116.965 116.791 116.611 116.417 116.359 116.537 116.761 116.967 117.18 117.426 117.714 118.049 118.429 118.852 119.314 119.811 120.336 120.885 121.453 122.033 122.619 123.203 123.779 124.339 124.876 125.384 125.856 126.286 126.671 127.007 127.292 127.522 127.698 127.819
127.013 129.116 129.228 129.101 128.855 128.52 128.116 127.668 127.193 126.701 126.201 125.698 125.191 124.691 124.197 123.712 123.237 122.77 122.314 121.87 121.437 121.013 120.601 120.203 119.819 119.451 119.101 118.769 118.458 118.17 117.904 117.662 117.447 117.258 117.09 116.919 116.735 116.66 116.82 117.032 117.229 117.433 117.67 117.95 118.276 118.649 119.064 119.52 120.01 120.529 121.074 121.639 122.218 122.803 123.387 123.964 124.526 125.066 125.578 126.055 126.491 126.882 127.223 127.513 127.749 127.93 128.056
125.855 128.058 128.231 128.179 128.021 127.778 127.47 127.111 126.718 126.303 125.872 125.433 124.988 124.54 124.096 123.655 123.221 122.793 122.371 121.957 121.553 121.156 120.768 120.39 120.025 119.674 119.337 119.017 118.715 118.434 118.173 117.934 117.721 117.535 117.372 117.211 117.037 116.951 117.092 117.291 117.479 117.675 117.904 118.175 118.494 118.859 119.267 119.716 120.2 120.715 121.256 121.817 122.394 122.978 123.562 124.14 124.704 125.248 125.763 126.245 126.687 127.083 127.43 127.726 127.967 128.153 128.282
125.252 127.26 127.393 127.372 127.271 127.099 126.868 126.585 126.265 125.917 125.551 125.17 124.782 124.384 123.986 123.588 123.192 122.8 122.412 122.029 121.652 121.281 120.916 120.559 120.212 119.877 119.554 119.245 118.953 118.678 118.422 118.188 117.978 117.795 117.638 117.487 117.323 117.23 117.352 117.538 117.717 117.906 118.127 118.391 118.702 119.06 119.462 119.905 120.382 120.892 121.429 121.988 122.562 123.146 123.73 124.309 124.875 125.422 125.941 126.427 126.874 127.276 127.628 127.929 128.176 128.366 128.5
124.492 126.506 126.646 126.65 126.595 126.479 126.31 126.094 125.837 125.55 125.24 124.914 124.575 124.226 123.87 123.512 123.154 122.796 122.44 122.085 121.735 121.389 121.046 120.71 120.381 120.061 119.751 119.453 119.169 118.901 118.652 118.422 118.217 118.039 117.888 117.746 117.593 117.495 117.6 117.772 117.943 118.124 118.338 118.595 118.9 119.251 119.647 120.084 120.556 121.061 121.595 122.151 122.724 123.306 123.891 124.471 125.039 125.588 126.111 126.601 127.053 127.46 127.818 128.124 128.376 128.571 128.71
123.788 125.803 125.963 125.995 125.98 125.913 125.797 125.638 125.437 125.204 124.946 124.668 124.375 124.069 123.754 123.433 123.109 122.783 122.456 122.129 121.804 121.481 121.161 120.843 120.531 120.226 119.929 119.641 119.366 119.105 118.861 118.639 118.439 118.267 118.122 117.988 117.845 117.746 117.835 117.995 118.157 118.331 118.538 118.79 119.089 119.434 119.824 120.255 120.723 121.224 121.754 122.308 122.879 123.461 124.046 124.627 125.197 125.748 126.274 126.768 127.224 127.637 128 128.31 128.567 128.768 128.911
123.112 125.145 125.33 125.393 125.418 125.397 125.329 125.218 125.069 124.883 124.671 124.436 124.184 123.918 123.638 123.352 123.059 122.763 122.464 122.163 121.861 121.56 121.26 120.961 120.665 120.373 120.087 119.81 119.543 119.29 119.054 118.838 118.646 118.48 118.341 118.214 118.08 117.982 118.056 118.205 118.358 118.526 118.728 118.974 119.268 119.608 119.994 120.419 120.882 121.38 121.908 122.46 123.029 123.61 124.195 124.777 125.349 125.902 126.431 126.929 127.389 127.806 128.174 128.49 128.751 128.956 129.104
