windows/stream/Debug/test_output_float_win32.asc
ncols 100
nrows 100
xllcorner 1.9252e+06
yllcorner 5.7735e+06
cellsize 8
NODATA_value -99999
[rows 0 to 29 of 100, columns 0 to 66 of 100]
94.484 94.3893 94.515 94.574 94.341 94.2982 94.3222 94.2816 94.0524 94.0287 93.9842 94.0164 93.926 93.9287 93.9702 93.9732 93.9127 94.0768 94.2609 94.4578 94.8152 94.8994 95.7164 95.7918 95.7149 95.4739 95.4615 95.156 95.2076 95.3122 95.3905 95.6071 95.4969 95.6243 95.5086 95.373 95.4495 95.4472 95.4433 95.347 95.3421 95.5058 95.6406 95.4585 95.3272 95.3812 95.387 95.4643 96.1793 97.6334 99.5996 101.527 104.679 108.074 112.554 117.009 119.951 120.408 117.753 114.439 110.563 107.02 103.835 101.985 99.5654 98.2356 96.9169
94.5643 96.4879 96.5311 96.5704 96.47 96.4429 96.4573 96.4356 96.3083 96.2755 96.2435 96.2519 96.1983 96.19 96.2114 96.215 96.1789 96.2786 96.4107 96.5629 96.8109 96.8853 97.3978 97.556 97.4439 97.0958 96.8225 95.963 95.813 96.0545 96.4718 97.0641 97.1779 97.4313 97.459 97.4276 97.5279 97.578 97.6192 97.5967 97.6234 97.7692 97.9105 97.8439 97.8093 97.9676 98.2096 98.6635 99.696 101.232 102.975 104.859 107.158 109.753 112.584 115.215 117.084 117.546 116.393 114.458 112.018 109.534 107.265 105.322 103.11 101.08 99.3386
94.6284 96.5898 96.8615 96.9583 97.0039 97.0463 97.0883 97.1115 97.096 97.0956 97.0963 97.1082 97.1046 97.1134 97.1361 97.1612 97.1828 97.2565 97.3591 97.4823 97.6457 97.7595 97.9559 98.1182 98.0917 97.9266 97.632 96.8972 96.5286 96.8441 97.4054 97.9048 98.0916 98.2788 98.3566 98.4025 98.4918 98.5736 98.6595 98.7337 98.8341 98.9901 99.1625 99.2771 99.4219 99.6947 100.101 100.726 101.687 102.904 104.358 105.98 107.799 109.728 111.645 113.355 114.535 114.914 114.403 113.257 111.726 110.037 108.354 106.733 104.955 103.217 101.924
94.6828 96.6716 97.0294 97.1906 97.3089 97.4064 97.4874 97.5494 97.5891 97.6213 97.6479 97.6731 97.6926 97.7142 97.7412 97.7735 97.8119 97.8721 97.9514 98.0462 98.1581 98.2598 98.3772 98.4655 98.4803 98.4054 98.1859 97.7213 97.2554 97.5519 98.0594 98.4413 98.6515 98.8012 98.9047 98.9951 99.1006 99.2147 99.3415 99.4792 99.6395 99.8334 100.053 100.282 100.553 100.917 101.412 102.078 102.933 104.01 105.266 106.658 108.144 109.637 111.057 112.276 113.109 113.429 113.191 112.486 111.473 110.291 109.022 107.688 106.235 104.992 104.136
94.7735 96.7799 97.2058 97.423 97.602 97.7479 97.8691 97.9668 98.0427 98.1028 98.1509 98.1905 98.2232 98.2529 98.2828 98.3155 98.3531 98.4012 98.4605 98.5294 98.6064 98.6816 98.756 98.8105 98.828 98.7906 98.6515 98.3312 97.9158 98.1337 98.5529 98.8844 99.0907 99.2406 99.3665 99.4879 99.6196 99.7657 99.9296 100.113 100.321 100.558 100.827 101.128 101.477 101.904 102.421 103.067 103.872 104.832 105.936 107.14 108.384 109.59 110.697 111.626 112.272 112.56 112.47 112.035 111.36 110.507 109.519 108.428 107.335 106.519 105.939
94.838 96.889 97.396 97.6748 97.906 98.1031 98.2631 98.3941 98.4993 98.5831 98.6493 98.7018 98.7436 98.7781 98.8087 98.8383 98.8694 98.905 98.9462 98.9926 99.0428 99.0928 99.1395 99.1742 99.1865 99.1616 99.0646 98.8236 98.4819 98.6145 98.9705 99.2824 99.4941 99.6571 99.8028 99.9488 100.106 100.282 100.478 100.699 100.946 101.224 101.537 101.886 102.28 102.732 103.264 103.894 104.637 105.5 106.47 107.513 108.572 109.584 110.494 111.247 111.787 112.061 112.067 111.81 111.355 110.714 109.947 109.105 108.368 107.834 107.421
94.9246 97.0226 97.6107 97.9534 98.2366 98.4776 98.6785 98.8398 98.9702 99.074 99.1552 99.2179 99.2658 99.3025 99.3314 99.3556 99.3778 99.4003 99.4246 99.451 99.479 99.5069 99.5329 99.5525 99.5582 99.5365 99.4594 99.2645 98.9699 99.0253 99.3459 99.6596 99.8828 100.061 100.225 100.391 100.572 100.773 100.998 101.25 101.529 101.837 102.18 102.562 102.987 103.464 104.002 104.613 105.303 106.079 106.933 107.838 108.749 109.613 110.393 111.04 111.519 111.804 111.877 111.741 111.42 110.952 110.381 109.804 109.323 108.939 108.669
95.0293 97.1897 97.8632 98.2688 98.6021 98.8842 99.1205 99.3104 99.4622 99.5824 99.6752 99.7452 99.7963 99.8325 99.8573 99.8742 99.8858 99.8947 99.9026 99.9104 99.9186 99.927 99.935 99.9408 99.9391 99.9181 99.8526 99.6852 99.4121 99.3964 99.6948 100.023 100.26 100.454 100.633 100.817 101.018 101.24 101.487 101.761 102.065 102.4 102.77 103.178 103.625 104.118 104.659 105.251 105.9 106.607 107.365 108.157 108.951 109.696 110.374 110.95 111.395 111.689 111.826 111.776 111.568 111.247 110.866 110.49 110.172 109.892 109.74
95.2176 97.4331 98.1748 98.6332 99.0118 99.3307 99.5966 99.8119 99.9812 100.114 100.215 100.289 100.34 100.373 100.392 100.399 100.398 100.393 100.384 100.374 100.363 100.353 100.345 100.337 100.326 100.304 100.248 100.101 99.834 99.7467 100.025 100.374 100.626 100.834 101.028 101.226 101.441 101.68 101.946 102.24 102.566 102.923 103.314 103.741 104.204 104.706 105.245 105.824 106.442 107.097 107.783 108.487 109.188 109.849 110.449 110.968 111.387 111.691 111.873 111.899 111.792 111.599 111.362 111.127 110.903 110.732 110.67
95.5266 97.7795 98.558 99.059 99.4749 99.8247 100.115 100.35 100.532 100.673 100.778 100.853 100.901 100.928 100.938 100.934 100.919 100.897 100.871 100.843 100.815 100.787 100.762 100.739 100.719 100.694 100.643 100.517 100.257 100.093 100.343 100.711 100.981 101.202 101.407 101.617 101.845 102.098 102.38 102.692 103.034 103.409 103.816 104.257 104.73 105.236 105.773 106.34 106.935 107.554 108.188 108.828 109.458 110.06 110.606 111.083 111.481 111.789 111.995 112.089 112.066 111.973 111.842 111.693 111.558 111.481 111.485
95.9317 98.2211 99.0207 99.554 99.9992 100.373 100.682 100.93 101.12 101.265 101.371 101.442 101.484 101.502 101.5 101.481 101.451 101.413 101.369 101.322 101.275 101.229 101.187 101.149 101.117 101.086 101.039 100.932 100.69 100.447 100.654 101.034 101.325 101.559 101.774 101.993 102.232 102.497 102.792 103.117 103.473 103.861 104.28 104.729 105.209 105.717 106.252 106.81 107.387 107.979 108.576 109.171 109.751 110.302 110.81 111.26 111.641 111.945 112.168 112.31 112.355 112.339 112.283 112.212 112.158 112.149 112.203
96.4363 98.7627 99.5692 100.124 100.591 100.981 101.302 101.556 101.75 101.894 101.995 102.059 102.091 102.096 102.079 102.045 101.997 101.94 101.877 101.811 101.745 101.68 101.62 101.567 101.521 101.482 101.435 101.344 101.129 100.822 100.965 101.338 101.66 101.906 102.129 102.357 102.604 102.878 103.182 103.518 103.884 104.282 104.709 105.165 105.649 106.158 106.69 107.24 107.803 108.375 108.946 109.509 110.054 110.57 111.046 111.473 111.842 112.148 112.385 112.558 112.654 112.696 112.703 112.698 112.705 112.751 112.849
97.098 99.4248 100.208 100.775 101.254 101.654 101.98 102.234 102.424 102.562 102.654 102.707 102.725 102.714 102.68 102.627 102.56 102.482 102.399 102.312 102.225 102.142 102.063 101.993 101.932 101.881 101.831 101.752 101.566 101.231 101.278 101.626 101.983 102.242 102.474 102.708 102.961 103.242 103.554 103.897 104.271 104.675 105.108 105.569 106.056 106.565 107.094 107.637 108.19 108.746 109.299 109.839 110.36 110.852 111.308 111.719 112.079 112.386 112.636 112.831 112.97 113.054 113.11 113.155 113.212 113.302 113.435
97.7855 100.145 100.933 101.508 101.994 102.396 102.72 102.965 103.147 103.273 103.352 103.388 103.388 103.358 103.303 103.229 103.14 103.04 102.934 102.826 102.718 102.613 102.515 102.426 102.349 102.285 102.228 102.156 101.999 101.673 101.587 101.9 102.294 102.57 102.81 103.049 103.306 103.591 103.908 104.256 104.635 105.044 105.482 105.946 106.435 106.944 107.47 108.008 108.552 109.097 109.636 110.162 110.666 111.143 111.585 111.987 112.344 112.653 112.912 113.126 113.297 113.415 113.508 113.592 113.687 113.811 113.971
98.5139 100.932 101.743 102.328 102.815 103.212 103.523 103.755 103.921 104.03 104.089 104.104 104.082 104.028 103.95 103.852 103.738 103.615 103.485 103.353 103.222 103.095 102.977 102.869 102.774 102.694 102.626 102.556 102.425 102.132 101.911 102.175 102.592 102.888 103.137 103.38 103.64 103.928 104.248 104.598 104.981 105.393 105.834 106.301 106.791 107.299 107.823 108.357 108.895 109.432 109.961 110.477 110.971 111.438 111.873 112.27 112.627 112.939 113.208 113.436 113.627 113.778 113.899 114.012 114.136 114.284 114.465
99.3179 101.823 102.655 103.244 103.722 104.105 104.393 104.604 104.748 104.833 104.867 104.856 104.807 104.727 104.621 104.496 104.356 104.206 104.051 103.893 103.738 103.589 103.448 103.319 103.206 103.109 103.028 102.954 102.843 102.597 102.265 102.461 102.875 103.198 103.456 103.703 103.964 104.253 104.573 104.926 105.31 105.725 106.168 106.637 107.127 107.635 108.157 108.687 109.221 109.753 110.276 110.785 111.273 111.736 112.167 112.564 112.922 113.24 113.518 113.758 113.963 114.141 114.285 114.419 114.562 114.728 114.924
100.389 102.903 103.705 104.271 104.724 105.075 105.333 105.514 105.628 105.683 105.686 105.643 105.563 105.453 105.317 105.163 104.994 104.815 104.632 104.448 104.267 104.093 103.929 103.779 103.645 103.53 103.434 103.352 103.252 103.044 102.665 102.762 103.142 103.499 103.767 104.018 104.28 104.568 104.888 105.241 105.627 106.043 106.487 106.956 107.447 107.955 108.475 109.004 109.535 110.063 110.583 111.088 111.573 112.034 112.465 112.863 113.226 113.551 113.838 114.088 114.307 114.497 114.665 114.814 114.97 115.147 115.352
101.861 104.213 104.913 105.416 105.82 106.124 106.343 106.487 106.563 106.58 106.546 106.467 106.352 106.207 106.038 105.85 105.65 105.441 105.228 105.015 104.808 104.608 104.42 104.247 104.092 103.957 103.845 103.751 103.655 103.478 103.116 103.063 103.395 103.79 104.073 104.328 104.589 104.876 105.195 105.547 105.932 106.349 106.793 107.263 107.753 108.261 108.781 109.308 109.838 110.365 110.883 111.386 111.871 112.332 112.765 113.166 113.534 113.867 114.163 114.424 114.654 114.856 115.036 115.2 115.364 115.546 115.75
103.548 105.697 106.253 106.665 107 107.251 107.422 107.52 107.551 107.523 107.445 107.326 107.171 106.988 106.782 106.559 106.324 106.083 105.838 105.596 105.36 105.133 104.92 104.723 104.546 104.391 104.26 104.153 104.054 103.904 103.588 103.373 103.65 104.072 104.372 104.632 104.893 105.177 105.494 105.845 106.229 106.645 107.089 107.558 108.049 108.557 109.077 109.604 110.133 110.659 111.177 111.681 112.167 112.629 113.065 113.471 113.845 114.186 114.491 114.763 115.003 115.215 115.404 115.577 115.746 115.925 116.128
105.148 107.211 107.655 107.988 108.26 108.453 108.568 108.611 108.588 108.509 108.383 108.218 108.019 107.794 107.548 107.287 107.016 106.739 106.462 106.189 105.923 105.668 105.429 105.207 105.007 104.831 104.681 104.557 104.451 104.317 104.06 103.717 103.923 104.343 104.666 104.932 105.193 105.474 105.788 106.136 106.519 106.933 107.377 107.846 108.337 108.844 109.365 109.892 110.422 110.949 111.468 111.973 112.461 112.927 113.367 113.778 114.158 114.506 114.821 115.103 115.353 115.575 115.772 115.95 116.119 116.295 116.492
106.38 108.635 109.084 109.379 109.595 109.726 109.777 109.757 109.673 109.538 109.357 109.14 108.893 108.622 108.333 108.032 107.722 107.41 107.098 106.791 106.494 106.211 105.946 105.699 105.475 105.277 105.107 104.966 104.848 104.722 104.501 104.109 104.217 104.601 104.954 105.228 105.49 105.768 106.078 106.423 106.803 107.216 107.659 108.127 108.618 109.126 109.647 110.175 110.707 111.235 111.756 112.264 112.755 113.224 113.669 114.085 114.472 114.828 115.151 115.442 115.702 115.933 116.138 116.321 116.491 116.661 116.847
107.793 110.12 110.597 110.856 111.01 111.071 111.048 110.955 110.804 110.604 110.364 110.091 109.791 109.471 109.137 108.792 108.441 108.088 107.74 107.4 107.072 106.76 106.467 106.196 105.95 105.729 105.538 105.378 105.246 105.122 104.927 104.554 104.515 104.851 105.236 105.521 105.785 106.06 106.366 106.707 107.084 107.495 107.937 108.404 108.895 109.403 109.925 110.455 110.988 111.519 112.042 112.554 113.048 113.522 113.972 114.394 114.787 115.15 115.481 115.78 116.049 116.289 116.502 116.691 116.862 117.026 117.2
109.502 111.804 112.25 112.442 112.515 112.487 112.378 112.203 111.976 111.704 111.398 111.064 110.709 110.337 109.954 109.561 109.167 108.775 108.391 108.017 107.657 107.315 106.994 106.697 106.427 106.186 105.974 105.795 105.648 105.518 105.345 105.019 104.82 105.103 105.514 105.812 106.079 106.352 106.653 106.99 107.364 107.772 108.212 108.679 109.169 109.678 110.201 110.732 111.268 111.801 112.328 112.843 113.342 113.821 114.276 114.704 115.104 115.473 115.811 116.118 116.395 116.642 116.863 117.058 117.233 117.393 117.555
111.631 113.758 114.08 114.154 114.111 113.974 113.764 113.496 113.182 112.833 112.455 112.056 111.641 111.213 110.776 110.337 109.9 109.469 109.048 108.64 108.248 107.875 107.526 107.203 106.909 106.646 106.415 106.216 106.052 105.913 105.753 105.482 105.156 105.374 105.785 106.102 106.372 106.643 106.94 107.272 107.642 108.048 108.485 108.951 109.441 109.951 110.475 111.009 111.546 112.083 112.614 113.133 113.637 114.121 114.582 115.016 115.422 115.798 116.142 116.456 116.739 116.993 117.221 117.422 117.601 117.761 117.913
114.185 115.992 116.08 115.984 115.794 115.526 115.198 114.824 114.416 113.982 113.528 113.061 112.58 112.093 111.605 111.119 110.639 110.168 109.709 109.267 108.842 108.44 108.063 107.713 107.395 107.109 106.858 106.641 106.459 106.309 106.155 105.915 105.533 105.665 106.049 106.389 106.665 106.936 107.228 107.555 107.922 108.324 108.759 109.224 109.714 110.224 110.749 111.285 111.826 112.366 112.901 113.425 113.934 114.424 114.89 115.33 115.742 116.124 116.475 116.794 117.083 117.343 117.576 117.783 117.966 118.127 118.275
116.662 118.335 118.196 117.911 117.55 117.13 116.668 116.177 115.667 115.142 114.607 114.064 113.518 112.975 112.435 111.902 111.379 110.868 110.373 109.896 109.44 109.008 108.603 108.227 107.884 107.575 107.304 107.07 106.871 106.706 106.552 106.333 105.962 105.969 106.309 106.675 106.959 107.23 107.518 107.841 108.202 108.601 109.034 109.498 109.987 110.497 111.024 111.562 112.106 112.65 113.189 113.718 114.232 114.728 115.2 115.647 116.065 116.453 116.809 117.134 117.428 117.692 117.929 118.14 118.327 118.491 118.637
118.968 120.73 120.41 119.918 119.36 118.767 118.158 117.541 116.922 116.298 115.678 115.063 114.454 113.853 113.262 112.683 112.117 111.567 111.036 110.525 110.038 109.576 109.144 108.743 108.376 108.045 107.753 107.5 107.285 107.106 106.947 106.748 106.408 106.271 106.569 106.961 107.254 107.526 107.811 108.128 108.485 108.881 109.311 109.773 110.262 110.773 111.301 111.841 112.387 112.935 113.479 114.013 114.533 115.035 115.513 115.966 116.391 116.784 117.146 117.476 117.774 118.041 118.281 118.495 118.685 118.852 118.999
122.106 123.435 122.77 121.992 121.198 120.412 119.644 118.89 118.156 117.439 116.737 116.051 115.38 114.723 114.082 113.458 112.85 112.262 111.696 111.152 110.634 110.145 109.686 109.26 108.869 108.517 108.204 107.933 107.703 107.509 107.343 107.155 106.857 106.596 106.844 107.244 107.55 107.824 108.107 108.42 108.772 109.163 109.591 110.051 110.539 111.05 111.579 112.122 112.671 113.223 113.771 114.311 114.836 115.344 115.829 116.288 116.719 117.118 117.486 117.82 118.122 118.392 118.634 118.849 119.04 119.209 119.357
125.839 126.424 125.226 124.085 123.019 122.022 121.087 120.204 119.362 118.554 117.774 117.021 116.289 115.58 114.891 114.222 113.575 112.951 112.35 111.775 111.228 110.711 110.227 109.777 109.364 108.991 108.658 108.369 108.123 107.916 107.74 107.559 107.293 106.955 107.138 107.526 107.848 108.125 108.406 108.715 109.062 109.449 109.874 110.332 110.819 111.33 111.86 112.405 112.957 113.513 114.066 114.61 115.142 115.656 116.147 116.612 117.049 117.455 117.828 118.167 118.472 118.745 118.988 119.204 119.395 119.564 119.712
129.635 129.371 127.606 126.081 124.746 123.553 122.468 121.464 120.523 119.631 118.78 117.963 117.176 116.417 115.683 114.973 114.288 113.629 112.996 112.392 111.817 111.274 110.765 110.293 109.859 109.465 109.114 108.807 108.545 108.325 108.139 107.959 107.712 107.35 107.45 107.805 108.148 108.43 108.71 109.014 109.356 109.739 110.16 110.616 111.102 111.613 112.144 112.691 113.246 113.805 114.363 114.913 115.45 115.97 116.467 116.939 117.382 117.794 118.172 118.516 118.825 119.1 119.345 119.56 119.75 119.917 120.064
