windows/stream/Debug/test_output_double_win64.asc
ncols 100
nrows 100
xllcorner 1.9252e+06
yllcorner 5.7735e+06
cellsize 8
NODATA_value -99999
[rows 0 to 27 of 100, columns 0 to 62 of 100]
94.4840 94.3893 94.5150 94.5740 94.3410 94.2982 94.3222 94.2816 94.0524 94.0287 93.9842 94.0164 93.9260 93.9287 93.9702 93.9732 93.9127 94.0768 94.2609 94.4578 94.8152 94.8994 95.7164 95.7918 95.7149 95.4739 95.4615 95.1560 95.2076 95.3122 95.3905 95.6071 95.4969 95.6243 95.5086 95.3730 95.4495 95.4472 95.4433 95.3470 95.3421 95.5058 95.6406 95.4585 95.3272 95.3812 95.3870 95.4643 96.1793 97.6334 99.5996 101.5267 104.6789 108.0738 112.5539 117.0089 120.3323 120.7714 117.7525 114.4394 110.5634 107.0197 103.8350
94.5218 96.3540 96.0844 96.1891 96.1586 96.1335 96.0470 96.1149 95.4152 96.0388 95.9824 95.7934 95.7530 95.4698 95.9541 95.3737 95.8568 95.8816 96.4867 96.9660 97.2213 98.0549 97.9675 97.7366 97.4480 97.0919 97.4906 96.9430 95.4426 97.1264 97.1087 97.4826 97.3786 97.4339 97.1606 97.3761 96.6607 97.4665 97.4380 97.3840 97.2820 97.2100 97.3075 96.8657 96.9387 97.0588 97.1843 97.5992 98.5516 100.0761 102.2451 105.1519 107.7039 111.2667 114.6646 119.1536 123.6153 124.3600 121.0425 117.1614 113.6122 109.5172 106.6473
94.5431 96.3365 96.2789 96.2416 96.3885 96.2069 96.1871 96.0907 96.0802 95.9380 96.1032 95.9862 95.9296 95.9502 95.7997 95.8377 96.0724 96.4557 97.2745 98.0255 99.2110 99.6105 98.9836 97.8708 97.6180 97.3820 97.4489 97.1460 95.7267 97.2992 97.4418 97.7298 97.6665 97.5587 97.4967 97.5157 97.2536 97.5726 97.6005 97.6478 97.4034 97.4773 97.5345 97.4375 97.3509 97.4903 97.7266 98.3227 99.3220 101.2201 103.8970 107.1157 110.9735 114.2687 117.8350 121.2339 125.7216 126.7620 123.7286 119.1298 115.1837 111.6750 109.7746
94.5135 96.5077 96.3409 96.2931 96.3204 96.4267 96.2192 96.0813 96.0267 96.0235 96.1689 95.9574 96.0730 96.0068 95.9038 95.9730 96.0721 96.9517 98.5714 100.1793 102.0919 102.3250 100.4204 98.0940 97.5458 97.5558 97.6256 96.2392 97.5152 97.6045 97.5311 97.6249 97.7288 97.6540 97.6322 97.6572 97.4696 97.4747 97.7298 97.6609 97.6497 97.7572 97.6760 97.5351 97.7852 97.6953 97.9324 98.6302 100.3179 102.4582 105.5345 109.0184 112.8519 117.2504 120.6188 124.4024 127.8027 129.2016 125.6936 121.7472 118.2085 115.4031 111.2120
94.6250 96.4116 96.5166 96.3816 96.3265 96.3554 96.4043 96.1593 96.1213 96.0338 96.1685 96.1874 96.0227 96.0103 95.9427 95.9368 96.2403 96.7299 98.0585 100.8492 103.4321 104.3331 101.2557 98.7293 97.6695 97.5634 97.7205 96.5737 97.6143 97.6408 97.6051 97.6862 97.6478 97.6548 97.6982 97.6967 97.6888 97.6497 97.5368 97.5515 97.7043 97.6691 97.5929 97.6114 97.7339 97.7027 97.9440 99.1407 101.0836 104.3680 107.7692 112.0008 115.5275 119.4127 123.8148 127.1847 130.9702 132.2609 128.3156 124.7751 121.4533 117.6329 113.5045
94.5911 96.2509 96.4121 96.4925 96.3932 96.3693 96.3834 96.2355 96.1403 96.2619 96.1044 96.1389 96.0389 95.9997 96.0518 96.0422 96.3809 96.9151 97.9111 100.1370 103.3181 104.1339 102.2084 99.2140 97.7878 97.6557 97.6418 96.9396 97.1177 97.7888 97.6525 97.6726 97.6800 97.7516 97.6921 97.7769 97.7781 97.7143 97.6452 97.7318 97.6696 97.7224 97.6935 97.7951 97.6830 97.8695 98.3154 99.8836 101.9959 105.9803 109.8626 114.2952 118.5661 122.0936 125.9792 130.3810 133.7521 134.8830 131.3424 128.0165 123.7275 119.0854 114.8195
94.6250 96.4626 96.4564 96.4152 96.3302 96.2999 96.2898 96.3120 96.2538 96.1561 96.1487 96.1255 96.0762 96.0124 96.0134 96.4138 96.5036 96.9686 97.8488 99.3866 101.8175 101.8824 101.0401 99.1922 97.8422 97.7643 97.6919 97.7322 97.2437 97.7047 97.6620 97.6622 97.7613 97.9016 97.7290 97.8882 97.7958 97.7026 97.8859 97.8797 97.8029 97.8503 97.7438 97.7234 97.8254 98.1399 98.6456 100.6492 103.0830 106.6526 111.2213 115.8637 120.5069 125.1315 128.6603 132.5460 136.9478 137.9097 134.5825 130.2931 125.6492 121.3276 117.0608
94.6064 96.6372 96.4779 96.7597 96.5261 96.3756 96.3373 96.3677 96.2543 96.3651 96.2553 96.1743 96.1005 96.7528 96.3444 96.4850 96.6605 97.1138 97.7863 99.6081 100.3113 99.8282 99.0871 98.2565 97.9146 97.7453 97.9086 97.6274 97.3826 97.7473 97.7480 97.7260 97.8724 97.9470 97.8510 97.9780 97.8443 97.7888 97.9575 97.8877 98.0127 97.9129 97.8651 97.9172 97.9583 98.1207 99.2178 101.2310 103.9127 107.4766 112.0258 116.6679 121.3110 125.9544 130.5983 135.2269 139.1136 139.9898 136.8596 132.2159 127.8943 123.6256 119.0372
94.7117 96.5634 96.5498 96.8045 96.5677 96.5571 96.4454 96.4433 96.4659 96.5036 96.4655 96.3268 96.3624 96.7094 97.1072 97.6164 97.8867 97.8656 98.2825 98.7918 98.8008 98.3015 98.2732 97.9592 97.8005 97.8758 97.7694 97.5028 97.8387 97.8326 97.8163 97.8647 97.9617 97.9604 97.8783 98.0403 98.0616 97.9546 97.8899 97.9896 98.1542 98.0922 97.9358 97.9986 97.9943 98.2138 99.4286 101.1029 104.3679 108.3074 112.8962 117.5383 122.1812 126.8245 131.4683 136.1126 140.6250 141.3482 138.0113 133.3678 128.7246 124.0812 119.4379
95.0115 96.8923 96.9844 96.9055 96.7327 96.9281 96.7777 96.8324 97.0435 97.1170 97.0064 96.8581 96.7513 97.1859 98.4629 99.1716 98.9499 98.5929 98.5220 98.5578 98.1314 97.9764 97.9335 98.3778 97.7305 97.8459 97.7608 97.5561 98.0276 97.9721 97.8698 98.0111 98.0360 98.1546 98.0110 98.1194 98.0852 97.9601 97.9761 98.0790 98.1009 98.0243 98.0664 98.0018 98.0606 98.3868 99.6570 101.8086 105.2534 109.6140 114.2536 118.8958 123.5382 128.1809 132.8242 137.4683 141.7641 141.3801 137.3420 132.6970 128.0511 123.4052 118.7586
95.3863 97.2995 97.3149 97.3282 97.1092 97.3949 97.3040 97.5758 97.9466 97.8496 97.7101 97.8634 97.6344 98.4976 98.6264 99.5991 99.0752 98.3735 98.0317 98.3444 98.1360 97.9737 98.3653 97.7584 97.7300 97.7191 97.6735 97.5983 97.9805 97.9060 98.0285 97.9812 98.0740 98.0821 98.0650 98.1654 98.0737 98.1409 98.1685 98.0520 98.2212 98.0393 98.1337 98.0969 98.2650 98.6080 99.4356 101.9103 105.7493 110.3078 114.9374 119.5795 124.2219 128.8647 133.5081 138.1523 142.4567 140.2666 135.9421 132.2094 128.4317 123.8476 119.2068
95.8219 97.8084 98.0470 98.2087 98.0101 97.8680 97.9681 98.5508 98.9178 98.7745 98.8798 99.5139 99.5706 99.6483 99.2703 99.7562 99.4415 98.9095 98.3950 98.0244 97.9927 98.1130 98.2292 98.0372 97.7967 97.9109 97.7499 97.6363 97.9288 98.1062 98.1830 98.0997 98.1811 98.1471 98.0732 98.1614 98.2069 98.2235 98.1903 98.1371 98.2230 98.2160 98.3010 98.3331 98.3720 98.5801 99.8719 102.1026 105.8048 110.0504 114.6813 119.3239 123.9669 128.6102 133.2542 137.8993 142.3295 140.9309 136.7735 132.5627 129.0130 125.7758 121.5528
96.6092 98.6853 99.0208 99.0697 98.9193 98.7599 98.7954 99.7046 100.0101 100.3244 100.5221 101.6884 102.0653 101.3291 100.8136 100.4166 100.2065 99.5816 98.9099 98.1963 98.3365 98.0199 98.1058 98.1353 98.1008 98.1262 97.8561 97.6745 97.8918 98.0508 98.2432 98.2286 98.1537 98.1398 98.1844 98.3151 98.3049 98.3393 98.3280 98.1815 98.1794 98.3852 98.2702 98.2761 98.4423 98.7743 100.3844 103.0648 106.4860 110.1678 114.7354 119.3778 124.0208 128.6643 133.3084 137.9529 142.1159 142.2809 139.0039 135.4819 132.3499 128.1253 125.0058
97.2598 99.3070 99.7576 99.9081 99.5529 99.9579 100.8080 101.0058 100.9869 102.3672 102.9003 104.2017 104.7672 103.7920 102.7600 101.5485 101.0762 100.4284 99.8395 99.2136 98.6756 98.5455 98.1163 98.4700 98.5014 98.1886 98.1870 97.7185 98.1067 98.2171 98.2862 98.3544 98.3447 98.3370 98.4170 98.4199 98.3979 98.2457 98.1873 98.4600 98.3120 98.2708 98.4553 98.4963 98.5703 98.8242 100.3782 103.4705 107.2439 111.1150 115.2704 119.8993 124.5420 129.1847 133.8280 138.4715 141.2919 142.1836 141.1222 138.6395 134.6933 131.1457 126.5024
97.9140 100.2436 100.4382 100.6263 100.9187 101.6772 102.6967 102.7090 102.6333 103.9182 105.8887 107.4883 106.9140 105.5922 103.4578 102.4592 102.4760 101.3016 100.3770 100.2382 99.4159 99.0854 98.9816 98.5674 98.3267 98.4458 98.2696 97.7720 98.1859 98.5186 98.3668 98.4658 98.5002 98.4447 98.6359 98.4199 98.4858 98.5550 98.7553 98.4180 98.4519 98.5248 98.3416 98.5045 98.6435 98.7473 99.8190 102.5736 107.0687 111.7106 116.0675 120.3958 124.9070 129.5486 133.5914 137.3424 140.0224 141.7655 142.0599 140.8827 137.0897 132.4460 127.8022
98.4953 100.8640 101.3091 102.7092 103.2046 103.8066 105.0954 104.0914 103.9837 105.9643 107.2776 109.2581 107.8555 105.0651 103.1343 102.6058 102.8624 102.4479 102.2001 101.6029 100.5346 100.3440 99.6059 98.5239 98.3875 98.5008 98.3098 97.8338 98.4113 98.5893 98.4236 98.6977 98.5479 98.4973 98.6367 98.4611 98.7227 98.6780 98.7146 98.6485 98.6079 98.6461 98.5756 98.5931 98.6801 98.9024 99.6555 102.0114 106.1521 110.7906 114.6852 118.9179 123.2189 127.1066 130.8419 133.9641 136.7152 140.0133 141.4785 141.1842 138.9386 134.2936 129.6499
99.4653 101.3269 102.0555 103.3953 105.3999 106.0237 106.1822 105.4061 105.4786 107.1534 109.2581 108.9502 105.5803 103.6785 102.7002 102.2040 101.7026 101.9128 101.5368 101.1108 101.1510 100.2547 99.2341 98.9045 98.4739 98.5244 98.2481 97.9006 98.3038 98.6787 98.6092 98.6584 98.6518 98.6847 98.8229 98.6670 98.7766 98.7908 98.9248 98.6386 98.7584 98.7955 98.8806 98.9480 98.8182 98.9819 99.8536 101.7680 105.5029 109.5842 113.0739 117.0231 120.5539 124.2768 127.3974 130.1465 133.8598 137.7761 139.9425 140.8544 139.0652 135.3597 130.7156
101.2225 102.5705 103.3332 104.5401 105.5361 107.2256 108.2345 107.2929 107.5966 108.8297 110.1683 107.6636 105.0810 103.4402 102.7574 102.1664 101.6775 100.8502 100.3291 100.2145 99.6620 99.2751 98.8132 98.5020 98.5683 98.5760 98.2718 98.0826 98.0160 98.4524 98.5831 98.7319 98.8306 98.7525 98.7603 98.9808 99.0387 99.0267 98.8293 99.0412 99.0316 99.0698 99.2378 99.2778 99.1660 99.0954 99.8346 101.6649 104.7827 108.2970 111.1116 114.9535 117.8425 120.8319 123.5791 127.2927 131.2095 133.9917 136.8619 139.0085 139.0862 136.9058 132.6408
103.3222 104.5963 104.1672 104.9883 106.8425 107.6955 108.7395 108.8338 109.9162 110.9429 109.7279 107.1155 104.8533 103.8028 102.9832 102.3682 102.1478 100.9245 100.4265 99.7802 99.4032 99.2692 98.7907 98.7872 98.6678 98.4579 98.3388 98.2532 98.2132 98.1461 98.2317 98.3087 98.3694 98.4146 98.4510 98.5640 98.9561 98.9488 98.7784 98.8880 99.1316 99.3246 99.1352 99.2497 99.3765 99.3989 99.4885 101.1478 103.3256 106.2176 108.7648 111.6951 114.3829 117.0398 120.7276 124.6445 127.4247 130.5579 133.8179 136.1333 138.2827 137.2133 133.6157
105.2265 106.3584 105.7131 107.2524 107.7641 109.0304 109.3734 110.5463 111.1694 109.7566 108.5537 106.6219 105.2101 104.4791 103.6425 102.7097 101.8516 101.1363 100.7065 100.1279 99.2813 98.9781 98.8311 98.6993 98.5853 98.5583 98.4598 98.6911 98.7660 98.6594 98.7263 98.5785 98.8224 98.7457 98.6261 98.4959 98.6005 98.6785 98.8417 99.0459 99.2326 99.2981 99.2577 99.2281 99.6016 99.4678 99.8838 101.2767 102.6553 104.3365 106.5475 108.7311 111.6069 114.4420 118.2749 120.8735 124.2862 127.2521 130.2256 132.9565 136.0851 137.7017 135.3475
105.8630 107.6018 107.2369 108.4194 109.5664 110.5233 111.1718 112.5310 111.8229 109.3670 107.5662 106.6358 105.9842 104.7902 103.6421 102.8478 102.2645 101.4879 100.8038 100.2665 99.6381 99.0271 98.7628 98.8492 98.6571 98.7903 98.5780 99.0138 98.9321 98.8659 98.7868 98.9715 99.1955 99.3363 99.1918 99.1339 98.5291 98.5788 98.7038 98.8778 99.0110 98.8833 99.0613 99.3788 99.3866 99.5327 99.9782 100.5320 101.8477 103.4181 105.1868 107.2200 109.4949 112.1588 115.3973 118.6711 121.0790 123.6689 127.1540 129.6204 133.7150 137.3425 137.0123
107.1321 109.6972 109.9141 110.3324 111.3198 112.4058 113.8060 114.5210 113.1935 110.5155 110.2189 107.9244 106.8039 105.4213 104.3391 102.9004 102.3442 101.6683 100.9988 100.5117 99.6237 99.1356 98.8381 98.8628 98.8399 98.9156 98.6873 99.1775 99.0524 99.0769 98.9712 99.0871 99.1854 99.3728 99.1978 99.0634 98.7448 98.5497 98.5586 98.6441 98.7946 98.9739 99.0985 99.4683 99.4847 99.6080 100.3688 101.6683 102.5346 103.0009 104.5872 106.1054 108.3883 110.7920 113.8414 116.2130 118.5368 120.8136 124.1080 128.0327 132.5630 135.9613 136.9772
108.7575 111.4320 112.0271 112.3009 113.0905 114.0028 115.8418 117.3409 115.9224 114.1027 111.7865 109.5555 108.8140 106.7156 104.7573 103.9427 103.4619 102.0603 101.2868 100.5078 99.7382 99.2139 99.0262 99.0048 98.9139 99.0611 98.7711 98.9019 98.9722 99.1430 99.0247 99.2449 99.2982 99.4026 99.1812 98.9585 98.7851 98.9292 98.7520 98.5760 98.9850 99.1302 99.3878 99.6513 99.8856 100.1845 102.0903 104.6112 105.1601 105.0294 104.9034 105.9305 107.9010 110.2849 112.6152 113.7075 116.1167 119.1460 122.6439 126.3881 130.1517 133.0343 135.2291
111.0106 113.4457 114.5204 116.2598 116.7915 116.9963 118.1038 120.0571 119.2438 116.6890 113.5282 111.9292 111.2106 108.7522 106.7450 105.0989 103.4747 102.6608 101.4373 100.7777 100.1593 99.4620 99.4888 99.1250 99.0786 99.0538 98.9753 98.8295 98.8488 98.8565 99.2472 99.2078 99.1588 99.0945 99.0488 99.1214 99.1061 99.0908 99.1309 98.6083 98.6930 99.3023 99.6863 99.8471 100.2181 101.1423 102.7978 105.5991 107.6830 108.2225 108.2829 107.5054 107.9456 109.4981 110.5918 111.9269 114.1549 116.9524 120.3862 123.5856 126.4652 129.9963 133.0863
114.2296 116.9207 117.2430 118.7980 120.7347 120.7669 121.7948 122.7900 121.7557 118.2863 116.0038 115.4701 114.2794 111.1105 108.6704 106.1263 104.7807 103.2029 101.9816 101.4321 100.6095 100.1004 99.7357 99.4135 99.3126 99.1910 98.9104 98.9192 98.9610 98.9167 99.1452 99.1932 99.1841 99.2149 99.2202 99.0664 99.4170 99.2356 99.4233 99.3755 98.7224 99.4266 99.9406 100.1823 100.4774 100.8977 102.8355 103.9497 106.8087 108.3690 108.4908 109.0232 108.2058 107.8601 108.8878 111.0450 112.4055 114.5074 117.1562 119.9233 123.4323 127.5661 130.7925
116.8819 120.6732 120.9096 121.7028 123.8728 125.3772 125.9688 125.7730 124.4604 122.4636 120.5327 119.4866 117.4454 115.0698 111.9695 109.0021 106.5624 103.9447 102.8666 101.8697 101.2220 100.6487 100.1427 99.7144 99.6215 99.5348 99.0208 99.0268 99.2914 99.2411 99.0406 99.2336 99.3167 99.3207 99.3093 99.3060 99.4028 99.5271 99.7410 99.5026 98.8824 98.9931 99.8083 100.1259 100.5912 101.5365 101.9197 102.1449 103.7995 105.0073 104.8965 106.2202 106.1308 107.0769 108.1718 109.4430 110.9417 112.8248 115.1564 118.0988 121.1935 124.7320 128.4398
118.3130 122.9851 125.3504 126.2307 128.1752 130.0196 130.0351 129.5367 128.5726 127.0993 125.1764 124.0090 121.6339 118.5315 115.4305 112.8688 108.3774 105.7996 103.7010 102.5659 101.6885 101.2466 100.6508 100.2364 99.9811 99.8538 99.4252 99.1336 99.2727 99.2586 99.1417 99.3672 99.4683 99.3926 99.3972 99.9057 99.9852 100.0189 99.9530 99.7516 99.4949 99.1078 99.6311 100.1507 100.7624 101.3356 101.7463 102.1580 102.8649 103.6019 104.3081 104.9549 105.8128 106.9174 107.9510 109.4746 111.6181 113.1487 115.0727 117.2665 119.5161 123.0358 127.1183
122.0196 124.8934 129.5511 130.8745 132.7960 134.2489 134.6533 134.1384 133.2138 131.7429 129.8207 128.1985 125.0962 121.9947 118.2982 114.2972 110.3922 107.0724 104.6914 103.2578 102.4594 101.6002 101.2508 100.8484 100.5495 100.3003 99.8856 99.4759 99.6356 99.4858 99.2626 99.3590 100.2398 99.9093 99.8366 100.1465 100.2764 100.4078 100.0949 99.9378 99.7294 99.2630 99.9486 100.5315 101.1579 103.6963 103.1226 102.4999 103.1597 103.7918 104.7200 106.1190 106.6326 107.7226 109.2783 110.3610 111.8095 113.6981 115.6574 117.5250 120.0029 123.2530 127.3446
