windows/stream/Debug/test_input.asc
NCOLS 100
NROWS 100
XLLCORNER 1925200.0000000000
YLLCORNER 5773500.0000000000
CELLSIZE 8.000000
NODATA_VALUE -99999.0000
[rows 28 to 55 of 100, columns 0 to 62 of 100]
126.7631 129.4203 131.7823 134.3583 135.9289 136.6532 137.2755 137.7254 136.2547 135.2754 132.6934 130.3578 127.3976 123.6476 119.1685 115.6761 111.7225 107.8548 104.6795 102.8668 101.0053 100.3367 99.9219 99.5572 99.2794 98.9277 98.5098 98.2263 98.1269 98.0612 97.8500 97.6739 98.2648 98.3022 98.1833 98.3127 98.8202 98.6846 98.2529 98.2805 98.3455 98.1984 98.2362 98.6347 98.7485 101.9101 103.8189 101.7369 102.2420 103.6120 105.8090 106.9885 107.8551 108.9347 109.7477 110.4523 111.6062 112.4565 114.7686 117.9219 120.8931 123.9960 126.9532
132.0372 133.7258 135.8447 137.5273 139.6500 140.2399 141.0453 141.6808 140.3609 138.7829 135.9591 133.0385 129.7127 126.1899 121.9908 118.3074 114.5332 110.6732 106.5254 104.3875 102.6181 101.5338 100.8156 100.2376 99.7035 99.2908 99.0807 98.4899 98.3296 98.4072 98.2566 98.0614 98.0758 98.3083 98.3406 98.3121 98.5131 98.4578 98.9023 98.8145 98.6419 98.6299 98.3957 98.8089 98.8534 100.4224 103.5937 102.8839 104.0206 106.0109 108.2845 110.6058 111.3828 112.5229 113.3021 113.7326 113.8251 115.1981 117.2882 120.0355 123.4924 126.5967 129.8593
134.7163 137.4158 139.2541 141.1179 142.7651 144.0755 144.4360 144.0961 141.8516 139.4472 136.6422 134.7226 131.0647 127.5041 123.7742 120.0331 116.7927 112.1118 108.4598 105.5415 103.1374 102.3840 101.4048 100.7797 100.0527 99.8791 99.2561 99.4243 99.8438 99.5470 98.5036 98.0666 98.1443 98.3881 98.3922 98.4156 98.4578 98.4669 98.7781 98.8148 98.8813 98.7785 98.7034 98.7521 98.8286 99.4837 102.2476 104.1050 106.2037 109.2169 111.4804 114.0249 115.8286 116.6120 117.5720 117.6509 118.0089 118.3629 118.8596 121.8000 125.5386 129.3562 132.2581
137.5364 140.5586 142.6409 144.1960 146.1424 147.4656 145.6713 143.5316 140.9964 137.4070 134.7560 132.9744 130.3401 127.0429 123.0223 118.9140 114.9814 111.6891 107.7104 105.1134 104.0042 103.5501 102.0600 101.2630 100.6040 99.8328 99.9717 101.4282 102.5806 101.1642 98.7499 98.3281 98.2815 98.4718 98.5816 98.4852 98.7136 98.7336 98.8691 98.7956 98.8531 99.0360 98.7943 98.8017 98.4601 99.3033 101.3252 104.5400 107.5404 111.2591 114.3513 117.0693 119.0075 120.8265 121.6638 122.1215 122.0764 122.2115 122.0167 123.9235 127.8662 131.0956 134.3913
139.0754 142.6925 145.0058 146.1923 147.4984 147.5498 145.7160 142.2456 138.2617 134.3618 132.2145 129.6776 127.2810 124.6077 121.0605 117.3505 113.5687 109.1009 106.8125 105.3718 104.4257 103.3434 102.4760 101.3813 100.9382 100.3273 100.6599 103.3351 104.0978 101.8762 99.0585 98.6748 98.5810 98.4658 98.5859 98.6376 98.8451 98.8664 98.9167 99.1451 99.0463 99.1507 99.0069 98.9981 99.2135 99.3328 100.2551 103.8251 107.4562 111.0470 115.1376 118.5332 121.3502 124.0014 125.1865 126.4092 126.8575 126.3957 126.1691 126.2952 128.8913 132.6020 135.7523
139.2731 141.6743 144.1509 145.8721 146.1474 145.5399 144.7224 141.3135 136.7616 132.1458 129.4866 125.7613 124.1813 122.1337 119.2322 116.5670 112.0157 108.4823 106.9810 105.7732 104.4414 103.6861 102.7137 101.5946 101.1411 100.7838 101.5160 103.4847 104.6029 102.3365 100.2120 98.7906 98.5829 98.6167 98.6311 98.8705 98.9512 99.0598 99.0631 99.1631 99.3288 99.3006 99.0871 99.0904 99.2762 99.1643 99.7070 101.8219 105.8430 109.9779 114.2191 118.3228 122.8027 125.5224 128.3450 130.3656 130.6249 130.8856 129.9026 129.9346 130.5589 133.9334 136.9227
136.8286 139.5157 141.7272 143.1821 143.4544 144.6173 144.5617 141.6472 137.2121 132.1789 127.8703 124.5640 121.7700 120.1785 117.4434 114.8577 112.6623 109.8166 108.6022 106.7501 105.5737 104.5439 103.7398 102.3052 101.4106 101.1389 102.0181 103.3603 105.6765 103.8171 101.5713 99.1975 98.7525 98.8059 98.9455 98.8351 99.0763 99.2851 99.2612 99.2856 99.5778 99.3836 99.2917 99.3671 99.2002 98.9836 99.6741 100.4507 103.8889 107.9244 112.3981 116.4725 120.7893 125.3853 129.2192 132.6407 134.5837 134.7239 134.3209 133.2920 133.4028 136.1307 138.5591
134.4090 136.2970 136.9632 138.2953 140.6235 143.8267 144.4309 142.7612 138.8640 134.0570 129.7297 125.8790 122.2871 120.1252 116.5440 114.1499 112.0760 110.7039 109.5025 107.3793 106.3700 105.2979 103.7060 102.6264 102.0262 101.8892 102.8964 104.6317 107.0608 106.3138 102.7338 100.2477 99.1808 99.0813 99.1023 99.0188 99.1635 99.2431 99.3117 99.4319 99.4147 99.2937 99.2758 99.2357 99.3298 99.5150 99.6789 99.9633 102.4954 106.7423 110.5724 114.8267 119.5965 124.5671 128.6473 133.1799 136.4068 138.1495 137.9771 137.2746 136.6757 138.8819 140.7928
129.2345 131.4505 132.6571 134.2613 137.5736 139.8842 142.4432 143.0012 140.7366 136.7142 133.4486 128.8535 124.8320 122.8171 118.9169 116.3769 113.7672 111.8329 109.4118 108.0916 106.4462 105.2047 103.9643 103.1628 102.4437 102.6099 103.7622 105.8998 107.7007 108.0216 104.6715 101.4125 99.9614 99.0499 99.2022 99.1836 99.2607 99.3278 99.4236 99.4569 99.5090 99.5606 99.5112 99.3707 99.5562 99.8966 100.0423 100.2097 101.2566 104.7846 109.0522 113.3931 117.9566 123.1080 127.2315 132.7214 136.5108 139.9554 141.2186 141.3660 140.2080 141.9208 143.0557
127.4618 129.4921 131.1345 132.9447 135.2898 139.1514 141.7889 143.9429 142.0742 139.3274 135.3688 131.6294 128.5859 124.1068 121.8252 119.0269 116.9025 113.8803 111.1806 108.3963 106.8717 105.5075 104.3820 103.7618 102.9591 103.0016 103.9278 105.5735 106.7946 108.1840 106.4182 102.8231 100.5587 99.7194 99.3501 99.3712 99.3222 99.4818 99.5941 99.5960 99.7413 99.7345 99.8651 99.7070 99.6986 100.1621 100.0084 100.0291 100.7770 103.7235 107.8161 111.8668 116.3078 121.2634 125.5134 130.6452 135.8695 139.4173 142.0840 143.4716 143.8625 144.3341 144.5864
131.9957 133.8178 134.3559 136.1557 138.7570 140.5922 143.1693 144.2903 143.7818 141.1764 138.0391 134.0847 131.2621 126.9303 125.3419 122.4918 120.1233 116.0542 112.2351 109.1158 107.0998 105.7267 104.9263 104.5971 104.0572 103.8799 104.7105 105.3309 105.5579 107.3888 107.7735 105.3208 102.7666 100.5098 99.4839 99.5030 99.6400 99.6089 99.6384 99.8088 99.8156 100.1007 100.1145 99.8392 99.8403 100.2113 100.3982 100.2466 100.7880 102.3290 106.4366 110.5511 114.8582 119.8335 124.4232 129.2857 133.9597 137.6949 141.2742 143.6056 145.8040 146.4214 146.0945
137.8210 138.0899 138.6260 140.5249 142.2246 143.3967 143.3458 142.9215 142.0738 141.1884 138.5281 135.7803 133.5343 130.5257 128.2207 125.6266 121.6609 117.0717 112.4932 109.3762 107.3771 106.1486 105.5313 104.8284 104.5645 103.8364 104.7407 104.2753 104.5372 106.5943 107.4246 105.6980 103.7838 100.8483 99.6188 99.5974 99.6852 99.8879 99.7579 99.8474 100.0870 100.1298 100.3985 100.1134 99.9874 100.0227 100.3464 100.4469 101.1608 102.1752 105.2909 109.0206 113.5415 118.4958 122.6968 127.9627 131.8745 135.3795 139.9194 143.4647 146.3069 147.3619 146.9635
140.7009 141.8599 142.4928 143.2702 143.7237 143.3684 141.6782 141.1963 139.1673 138.0174 136.9744 134.7561 133.5650 131.9138 129.2909 125.9538 121.1916 116.7983 112.2624 109.6503 107.9557 106.5916 105.3753 105.0066 104.7806 104.2890 103.9849 103.6174 103.2885 103.5802 104.4943 102.9005 101.8168 101.5200 100.1042 99.7151 99.8706 99.8297 99.9702 100.0603 100.2758 100.1672 100.5509 100.3787 100.1470 100.5847 100.6048 100.6073 101.0914 102.8800 105.3652 108.9243 113.5490 118.3517 122.4759 126.5013 129.9268 134.0596 138.5415 142.8000 146.3918 147.7645 147.2971
144.3743 145.3329 145.2486 144.7817 143.7428 142.3862 140.4566 137.6161 136.3594 133.7241 132.1994 130.6040 129.7296 130.1022 129.2458 124.6080 119.7010 115.6515 113.1687 110.3403 108.2009 106.3815 105.3491 104.9275 104.8278 104.5329 103.9311 103.7719 103.0788 102.4516 101.9802 101.3684 100.8167 100.4891 100.2299 100.0374 99.9528 99.9797 100.0771 100.0516 100.1418 100.3522 100.4474 100.5414 100.2786 100.5868 100.6127 100.8439 101.6324 103.1106 106.6598 110.3836 114.3072 117.5414 121.1053 124.6695 128.4448 132.7465 137.8549 141.6632 145.6266 147.6289 146.8859
147.7592 147.8235 146.9413 145.0850 143.3152 142.1600 138.3474 134.4999 131.2046 128.9364 127.8708 126.1789 126.2695 125.9550 127.4487 124.8693 121.5101 116.7071 113.9717 110.6395 108.1272 106.4053 105.1146 104.8567 104.6351 104.4257 103.9768 103.5816 103.0239 102.5062 102.1482 101.5982 100.8758 100.4549 100.3811 100.2427 100.2423 100.2212 100.3507 100.4034 100.4664 100.4280 100.5680 100.4902 100.4008 100.3515 100.5871 100.9519 101.7680 104.0253 108.0690 112.1747 114.2605 116.8271 120.3332 124.2169 128.5776 132.0585 136.8540 140.9119 145.1896 147.1829 145.4556
149.9269 149.1316 146.9906 145.1402 140.5654 136.6119 132.3850 128.5646 126.9839 125.3114 123.5587 123.0433 122.0021 123.0470 124.7297 124.9532 122.8758 119.5642 116.5286 113.9333 107.7554 105.6372 105.2435 104.9819 104.7335 104.3865 103.9197 103.4970 103.2569 102.4799 101.9416 101.5872 101.2309 100.6961 100.5098 100.4985 100.5559 100.4845 100.4835 100.5146 100.3840 100.6646 100.7996 100.9194 100.7079 100.8861 101.0215 101.3007 102.0780 104.4655 107.5589 110.3281 113.2094 116.6049 120.0019 123.5058 128.2004 132.0813 137.3477 141.9028 146.3616 148.0906 146.3708
149.6792 149.4486 146.9810 143.3664 138.5064 133.7781 129.5336 126.8405 126.3157 122.2910 121.1199 120.3569 120.2679 121.3995 121.2790 122.0991 123.9358 121.4577 118.1430 113.9494 110.7876 107.2200 105.3432 105.1371 104.7181 104.4380 104.0931 103.8511 103.4957 102.8775 102.3894 101.7700 101.3973 101.2679 100.9327 100.6291 100.6961 100.7735 100.7280 100.9968 100.6139 100.8675 100.9281 101.1726 100.6151 100.7999 101.0080 101.6141 102.6342 104.0805 106.3683 109.1634 112.9195 116.5652 120.8983 125.4395 129.1070 133.8557 138.0120 143.8545 147.5825 149.7042 148.1829
149.4142 148.8587 146.6463 142.8102 137.7007 133.5706 129.9602 126.5116 123.9300 121.4696 120.4219 119.2273 118.3188 118.9641 118.9102 122.3433 123.2626 120.8874 117.0496 113.0494 109.7007 107.1645 105.7049 105.0319 104.8093 104.5710 104.3314 104.0547 103.6779 103.1770 102.7827 102.3046 101.9860 101.6019 101.4214 101.0708 100.9355 101.0293 101.0803 101.2156 100.9754 101.0381 101.1013 101.1311 100.8228 101.2174 101.3420 101.7648 102.5871 103.8386 105.6498 108.4682 112.1131 116.6476 121.5949 126.0451 130.5933 135.1116 139.9188 145.5045 148.9009 151.0841 149.8791
146.7554 147.3595 145.2666 142.4256 138.6124 133.8181 130.4190 126.7386 123.4707 121.5110 120.2674 118.0272 117.0643 116.5263 117.8647 120.0559 119.6129 118.2465 115.0314 111.1914 109.0629 107.2359 106.2919 105.5420 105.0242 104.6735 104.6797 104.7807 104.2883 103.9406 103.3832 103.0486 102.7129 102.3713 102.3572 101.9735 101.8393 101.4921 101.1779 101.0456 101.2973 101.2557 101.2357 101.1991 100.9026 101.3245 101.6458 101.6958 102.4268 104.3172 107.9753 111.0014 114.3636 118.1000 122.2156 126.3333 131.1131 135.7019 140.9217 146.6291 150.0290 152.6587 151.7214
144.3587 143.4850 141.7047 140.2849 137.8170 134.2730 131.3724 127.9492 124.5392 120.8034 119.0586 118.0063 116.5231 115.8063 115.9676 117.6633 116.3137 115.0753 113.9627 110.6683 108.5869 107.5272 107.2041 106.7064 105.8258 105.2426 105.5397 105.6637 105.2322 104.5883 104.1564 103.4933 103.4285 102.9731 103.1175 102.9194 102.8646 102.5712 101.8345 101.5585 101.3230 101.2826 101.3003 101.3990 101.3278 101.2001 101.3448 101.8641 102.5465 105.5115 109.4183 113.1903 116.5797 119.7652 122.8691 126.8298 131.5381 135.9321 141.1878 146.0495 149.8498 152.6653 152.9960
142.1185 139.7853 137.6079 136.0221 134.6398 131.5617 130.8203 129.4251 125.7818 121.7664 118.1256 117.2210 116.2505 115.5654 114.3933 114.0671 114.2350 112.1992 110.7488 109.3490 108.5442 108.4460 107.9775 107.5932 107.6057 107.4455 107.1094 106.4596 105.8602 105.6195 105.0991 104.6235 104.1702 103.9140 103.9010 103.7513 103.4424 103.1883 102.7079 102.0658 101.5528 101.2245 101.4316 101.4127 101.4325 101.4872 101.7374 101.9132 102.9292 105.9231 109.0842 112.9412 116.1411 119.0285 122.2217 126.1318 130.2960 135.0145 139.8133 144.5036 148.7027 151.8018 152.9479
137.8631 136.0693 134.0827 131.6460 130.2149 128.7422 127.5090 128.8473 126.8806 122.8116 119.5330 117.2633 115.3588 114.5683 113.6592 112.7136 111.9144 111.2328 110.1047 109.1310 109.0318 109.2948 109.4559 110.1979 109.4580 110.9474 109.2642 108.0629 107.5474 106.9828 106.5235 105.7349 105.2406 104.6911 104.5453 104.5783 104.2774 103.6615 102.9134 102.5973 102.3281 101.5006 101.6692 101.6248 101.5215 101.7900 102.1046 101.9072 102.1889 103.8529 107.4127 111.5065 115.2796 117.6834 120.4120 124.5316 128.5206 132.8445 137.8364 142.6992 147.1770 150.8993 152.4292
135.0484 133.0148 130.9251 128.5462 127.7005 126.1080 125.7796 127.1106 127.5752 124.2311 121.6620 118.6762 116.0465 114.1607 113.3868 112.6138 111.7767 110.8046 110.2701 109.7469 110.1204 110.6089 112.3580 113.1929 111.7672 113.3575 112.2337 111.6292 110.6336 110.1706 108.6604 107.8220 106.6848 106.5674 105.7169 105.8135 105.4498 104.1524 103.0268 102.7621 102.4340 102.0584 102.0694 101.9496 101.5666 101.8104 102.1500 102.0505 102.4278 103.6566 107.3537 111.0350 113.2391 115.8251 119.2504 122.8732 126.7466 131.1898 136.1418 141.2083 145.8653 149.4847 150.8907
132.2982 130.4317 128.1919 126.5939 125.8580 125.0171 125.9282 125.2504 125.6511 125.4127 123.9678 120.2948 116.5417 114.1919 112.8127 112.1354 111.5569 110.9165 110.5708 111.1954 111.6315 113.3231 114.3670 115.6462 114.6282 115.2273 116.1508 116.0711 115.3986 114.4805 113.0045 112.0406 110.8243 109.6987 108.1700 107.5644 107.7092 105.8012 104.1509 103.2722 102.6505 102.4289 102.1994 102.1726 102.0962 101.8010 101.4655 102.2397 102.7754 103.6249 106.1012 108.2055 111.0644 113.3570 118.0196 122.1066 126.3561 130.8583 135.5692 140.2090 143.9712 147.0054 148.3327
129.4640 128.1461 127.2526 125.1307 124.4664 124.0741 123.5573 123.0317 123.2446 123.5107 122.8959 121.3967 117.1383 114.4192 113.3289 112.3532 111.8898 111.6196 111.8837 113.1947 114.3801 116.4677 117.7788 119.1300 119.4912 120.1918 120.5557 121.7390 120.2061 119.4487 117.8294 116.6907 115.1655 113.3013 110.5436 109.1357 108.0810 106.2793 104.7848 103.7356 103.0330 102.6346 102.3820 102.3822 102.3088 101.8554 102.4756 102.4289 102.8501 103.5686 105.0723 107.0773 110.1972 114.0204 118.5009 122.2521 126.6963 130.5465 134.8956 139.1215 142.1382 143.7239 144.1768
128.1718 126.7738 125.2216 124.1169 123.3197 123.0464 122.7248 122.5357 122.1161 121.7849 122.6355 121.5126 118.2529 114.7486 113.5475 113.4191 112.7917 112.9155 113.8256 115.8920 118.2542 120.5090 122.2448 123.7516 124.7227 125.1337 125.0747 125.9411 125.1275 123.4956 121.5500 120.8362 117.7514 113.8597 112.0745 111.2624 109.5955 107.6356 106.1094 104.8697 103.7430 103.2500 102.6418 102.4326 102.5097 102.2143 102.4911 102.5983 102.6733 103.7567 106.8537 109.7135 112.3245 115.4356 118.7867 121.5110 124.9888 129.0190 133.3968 136.8560 138.5724 139.4570 139.7737
126.6506 125.1821 123.9607 123.3863 122.7367 122.1428 122.0979 122.1827 121.5262 121.0443 121.2879 121.1079 118.4939 115.4541 115.5200 114.8030 113.3045 114.0493 115.6482 119.2893 122.2718 125.3218 127.1402 128.0870 128.4033 129.9843 130.1298 130.1724 129.3512 127.8134 125.2515 121.2635 117.7957 116.0717 115.3060 114.8256 113.4290 111.0260 109.3472 106.6043 104.6955 103.7781 102.7931 102.4045 102.7091 102.3634 102.6801 102.7376 102.7965 104.4264 108.0590 111.4866 112.5027 114.1643 117.2999 120.7495 124.4587 127.9871 131.7843 133.3705 134.7814 135.6479 136.4060
125.1805 123.5904 122.8462 122.2191 122.0398 121.6558 121.2217 121.1483 120.8191 120.5988 120.3120 120.0741 118.5318 117.9968 118.0680 115.5127 114.5108 115.4312 117.8922 121.8785 125.5329 128.9835 131.8921 132.1883 133.4932 134.7176 134.6921 134.3901 132.1315 128.7631 124.2917 121.5494 119.8595 119.0155 119.3497 118.3869 116.9198 114.9546 111.4299 107.3965 107.4452 104.6779 102.9748 102.6787 102.7199 102.6311 102.5113 102.8601 103.2309 104.0657 107.2058 108.4155 111.8168 115.1887 118.2825 120.6356 123.9880 126.8503 128.8958 129.6972 130.7511 131.3199 132.3186
