windows/stream/Debug/test_output_double_win64.asc
ncols 100
nrows 100
xllcorner 1.9252e+06
yllcorner 5.7735e+06
cellsize 8
NODATA_value -99999
[rows 28 to 55 of 100, columns 0 to 62 of 100]
126.6596 128.6022 131.4648 135.5173 137.4398 138.2384 138.8685 138.7820 137.8391 136.3869 134.2936 131.6615 128.5598 124.8464 120.6533 116.8904 113.1870 109.4181 106.3665 104.6054 102.8161 102.1553 101.7325 101.3781 101.1102 100.7350 100.3026 99.9371 99.9247 99.9164 99.5784 99.4384 100.1625 100.2212 100.0602 100.2325 100.7324 100.5992 100.1614 100.1938 100.2286 99.4767 99.6491 100.4668 100.6650 103.6736 105.6300 103.5547 104.0495 105.3797 107.4831 108.6362 109.4595 110.5274 111.3095 111.9662 113.0152 113.9692 116.2788 119.4739 122.4324 125.5165 128.5486
131.2996 133.2524 135.1741 138.0335 141.2809 141.8894 142.7058 143.3397 142.0348 140.4482 137.6210 134.6705 131.3133 127.2195 123.4578 119.7529 115.9412 112.2439 108.2143 106.1059 104.3560 103.2435 102.5819 102.0429 101.5197 101.0998 100.8391 100.2512 100.2025 100.3122 100.1586 99.6290 99.8621 100.2084 100.2512 100.2219 100.4391 100.3691 100.8073 100.7233 100.5309 100.4629 99.7612 100.7072 100.7706 102.2443 105.3617 104.7170 105.7895 107.6910 109.9091 112.2227 112.9619 114.0891 114.8538 115.2796 115.2744 116.4372 118.5404 121.5178 125.0387 128.1598 131.4630
134.7163 137.9008 139.8208 141.7430 144.3955 145.7635 146.1732 145.8861 143.5998 141.1765 138.4110 136.4401 132.7419 129.1562 125.4173 121.6645 118.3478 113.7298 110.1594 107.2685 104.8417 104.0867 103.1781 102.5523 101.8559 101.6969 100.8958 101.1909 101.6817 101.4122 100.4042 99.8298 99.9300 100.2979 100.3180 100.3316 100.3736 100.4003 100.6725 100.7432 100.8054 100.6669 99.9857 100.2239 100.7338 101.3581 103.9452 105.8886 107.9532 110.8594 113.0908 115.6212 117.3905 118.1695 119.1112 119.1749 119.4392 119.6600 120.1325 123.2427 127.0735 130.9411 133.8973
137.5364 141.3201 144.2829 145.8572 147.8424 149.2298 147.4689 145.2236 142.4754 139.0489 136.4098 134.6177 131.9986 128.6804 124.6355 120.5069 116.5246 113.2733 109.3742 106.7892 105.6640 105.2385 103.7672 103.0005 102.3344 101.5387 101.6669 103.2371 104.3676 102.9545 100.6417 100.2213 100.0284 100.3612 100.5056 100.4072 100.6212 100.6295 100.7844 100.7295 100.7843 100.9490 100.2457 100.3868 100.5776 101.1768 103.0704 106.2155 109.2388 112.9279 116.0203 118.7078 120.6703 122.4304 123.2528 123.6584 123.5992 123.6691 123.2443 125.1344 129.3430 132.6841 136.0786
139.0754 143.7600 146.7447 147.9921 149.3157 149.3853 147.4533 143.8646 139.7758 135.9096 133.6863 131.2297 128.9007 126.2297 122.6613 118.8885 115.0008 110.6904 108.4186 107.0181 106.0699 104.9908 104.1116 103.1547 102.6617 102.0108 102.4777 105.1245 105.9192 103.6323 100.9456 100.5764 100.4586 100.2174 100.4703 100.5546 100.7575 100.7823 100.8334 101.0624 100.9674 101.0653 100.5331 100.5459 101.1147 101.2227 102.0949 105.4448 109.0583 112.6777 116.7645 120.2284 123.0670 125.6937 126.8594 128.0090 128.2405 127.9055 127.5164 127.5899 130.2926 134.1742 137.4423
139.2731 143.3332 145.8724 147.6219 147.9302 147.3839 146.4356 142.8483 138.2018 133.6562 130.8576 127.2193 125.7266 123.7073 120.7840 117.9389 113.3034 110.0050 108.5157 107.3215 106.1293 105.3476 104.3776 103.4082 102.9160 102.5010 103.3700 105.3047 106.4192 104.1075 102.0240 100.7040 100.4626 100.4477 100.4098 100.7665 100.8618 100.9776 100.9784 101.0813 101.2505 101.2189 101.0003 100.6742 101.1949 101.1257 101.5838 103.5276 107.3724 111.5087 115.7663 119.9267 124.4273 127.2309 130.0711 132.0425 132.2635 132.4515 131.4174 131.3041 131.9875 135.4924 138.6099
136.8286 140.4778 142.3992 144.4626 145.0919 146.3750 146.3141 142.8665 138.2203 133.5751 129.2126 125.9216 123.2754 121.4441 118.7781 116.2477 113.9069 111.1369 110.0752 108.3715 107.2680 106.2914 105.5217 104.0947 103.2009 102.9330 103.8674 105.1993 107.4841 105.5815 103.3229 101.0871 100.6259 100.6426 100.6979 100.6138 100.9503 101.2035 101.1727 101.2039 101.5005 101.3080 101.2024 101.2830 100.8405 101.0945 101.5387 102.2829 105.4196 109.3975 113.8634 117.9974 122.3290 126.9634 130.8886 134.3594 136.2732 136.3849 135.8798 134.8112 134.9232 137.6655 140.2455
133.8745 135.8312 138.5190 139.8180 142.1381 145.5040 146.2020 144.4428 140.1471 135.5373 131.1839 127.2821 123.7724 121.2096 117.7949 115.4445 113.4860 112.2485 111.1004 109.0821 108.1255 107.0385 105.4772 104.3937 103.7839 103.6296 104.7280 106.4421 108.8597 108.0438 104.4823 102.0853 101.0715 100.8734 100.9316 100.7663 101.0078 101.1508 101.2349 101.3559 101.3392 101.2238 101.1760 100.9773 101.1361 101.3689 101.5446 101.8485 104.1032 108.1623 112.0095 116.2757 120.9165 125.5596 130.2032 134.8090 138.1440 139.8781 139.6531 138.8406 138.2121 140.4569 142.4992
129.2345 132.9591 134.2478 135.8663 139.1531 141.5329 144.2200 144.7660 142.1069 137.7494 133.8473 130.2936 126.3489 124.2856 120.3247 117.8792 115.3865 113.4611 111.1123 109.7979 108.1975 106.9520 105.7326 104.9328 104.2544 104.4057 105.5930 107.7053 109.5263 109.7701 106.3818 103.2116 101.8147 100.9826 101.0383 100.9435 101.0823 101.2292 101.3357 101.3774 101.4281 101.4752 101.3571 101.0615 101.2940 101.6762 101.9481 102.0888 103.0385 106.2304 110.4206 114.7957 119.3780 124.0204 128.6633 133.3064 137.9505 141.6737 142.9635 143.0221 141.7926 143.5469 144.7958
127.4618 130.5048 132.5863 134.5085 136.8581 140.6955 143.5335 145.7544 143.7437 140.4167 136.8620 132.8993 130.1084 125.6151 123.3082 120.5643 118.4993 115.5371 112.8617 110.1531 108.6406 107.2832 106.1582 105.5318 104.7872 104.8669 105.7849 107.4049 108.6587 109.9951 108.1327 104.5807 102.4009 101.5996 101.1565 101.1513 101.1722 101.3505 101.4983 101.5078 101.6557 101.6536 101.7763 101.1942 101.2881 102.0625 101.8974 101.9541 102.5889 105.2339 109.1846 113.2554 117.6845 122.3256 126.9577 131.6008 136.2443 140.8883 143.8291 145.2693 145.5475 146.0632 146.3996
131.9957 134.0508 135.8948 137.7335 140.3333 142.2206 144.9443 146.1372 145.5378 142.8627 139.4684 135.7148 132.1791 128.5138 126.9036 124.1050 121.7300 117.6873 113.9052 110.8545 108.8683 107.5189 106.7325 106.4006 105.8535 105.6828 106.5731 107.2015 107.4209 109.2201 109.5330 107.0529 104.5555 102.3719 101.2968 101.3078 101.5212 101.4606 101.5298 101.7211 101.7296 102.0156 102.0266 101.4232 101.4120 102.0918 102.3018 102.1247 102.6093 103.9851 107.7283 111.8621 116.1801 120.8205 125.4639 130.1074 134.7507 139.2515 142.8896 145.3658 147.6087 148.2381 147.9286
136.6357 138.5903 140.1563 142.1046 143.8809 145.1631 145.1783 144.7048 143.8298 142.9405 140.2707 137.4811 135.0797 132.2136 129.8839 127.3006 123.2706 118.6421 114.1431 111.0809 109.1468 107.9627 107.3929 106.6943 106.4295 105.8082 106.6326 106.1532 106.3682 108.3629 109.2007 107.4788 105.5507 102.6933 101.4511 101.4263 101.5549 101.7806 101.6398 101.7475 101.9896 102.0431 102.3100 102.0034 101.5339 101.8239 102.1963 102.3294 102.9618 103.8888 106.6259 110.2759 114.7475 119.3906 124.0284 128.6722 133.3153 136.9065 141.4409 145.1347 148.0717 149.2410 148.8097
140.7009 143.2365 144.1253 144.9862 145.5351 145.1664 143.4138 142.8515 140.7801 139.6205 138.4003 136.4163 135.2745 133.6991 131.0113 127.4072 122.7646 118.3120 113.8772 111.3606 109.7145 108.3837 107.2601 106.9063 106.6517 106.1824 105.8829 105.4926 105.1290 105.4232 106.2723 104.7256 103.6799 103.3704 101.8107 101.5331 101.7324 101.7202 101.8152 101.9520 102.1918 102.0947 102.4694 102.2866 101.6642 102.4789 102.4950 102.4993 102.9254 104.4823 106.7927 110.1789 114.7210 119.3678 123.8462 127.9295 131.3860 135.5279 140.0392 144.3930 148.1049 149.6232 149.0938
144.3743 146.9918 147.0124 146.6199 145.4737 143.1258 141.2013 139.1347 136.9956 135.0641 133.7555 132.1715 131.3949 131.7885 130.5127 125.8670 121.2245 117.2831 114.7506 112.0033 109.9098 108.1842 107.2325 106.8330 106.7261 106.4008 105.8229 105.6117 104.8495 104.1670 103.6165 103.0334 102.5732 102.2355 101.8886 101.7747 101.8206 101.8774 101.9628 101.9542 102.0506 102.2595 102.3601 102.4558 101.7997 102.4926 102.5117 102.7364 103.4411 104.7934 108.0368 111.6871 115.6198 118.9546 122.4763 126.0380 129.8304 134.1543 138.7970 143.2190 147.2904 149.4604 148.6193
147.7592 149.5696 148.7716 146.8018 144.1008 140.3977 136.5537 134.6509 132.6810 130.4401 129.3589 127.7796 127.8310 127.6534 129.2028 126.5724 122.9088 118.3534 115.5286 112.2732 109.8534 108.1838 107.0066 106.7485 106.5176 106.2731 105.8027 105.2879 104.6615 104.2175 103.7762 103.1374 102.5439 102.2189 102.1600 102.0697 102.1135 102.1087 102.2380 102.2025 102.3630 102.3297 102.4876 102.3191 101.9609 102.0802 102.4474 102.8081 103.5642 105.6362 109.4748 113.5868 115.7296 118.2835 121.6479 125.5323 129.9165 133.5382 138.1274 142.4493 146.8170 149.0072 147.1317
149.9269 150.9588 148.7516 146.3935 141.7472 137.5299 133.8321 130.2289 128.4537 126.8292 125.1626 124.6663 123.7094 124.7951 126.4470 126.7364 124.5423 121.2029 118.1492 113.9216 109.4429 107.5146 107.1394 106.8698 106.5921 106.1260 105.6055 105.1638 104.7464 104.0946 103.6181 103.2222 102.9056 102.5021 102.3746 102.3594 102.4335 102.3729 102.3927 102.4149 102.3192 102.5464 102.6978 102.8285 102.1125 102.7351 102.8813 103.1341 103.8564 106.0273 109.0023 111.7348 114.5735 117.9266 121.3333 124.8384 129.3983 133.4867 138.1280 142.7739 147.4204 149.9042 148.0437
149.6792 151.2598 148.6646 144.4673 139.8222 135.1791 131.0442 128.3891 127.7100 123.9468 122.7797 122.0362 121.9238 123.1169 123.0043 123.8802 125.7106 123.1840 119.8005 115.5647 112.4569 108.9996 107.2251 106.9656 106.4889 106.1454 105.7571 105.5452 105.1880 104.5784 104.1517 103.5604 103.1674 103.0766 102.7716 102.5237 102.6002 102.6654 102.6313 102.9037 102.4736 102.7127 102.8227 103.0807 102.2635 102.6678 102.8925 103.4343 104.3699 105.7029 107.7916 110.4835 114.1783 117.9102 122.2226 126.7999 130.5432 135.1695 139.5143 144.1569 148.8020 151.4935 149.8587
149.4142 150.6626 148.3147 143.8648 139.2222 135.1000 131.4519 128.0161 125.3453 123.1588 121.9517 120.7739 119.9717 120.6227 120.6495 124.0957 125.0124 122.5780 118.6956 114.7210 111.4142 108.9519 107.3879 106.8160 106.5703 106.3104 106.1032 105.8690 105.4723 104.9843 104.5756 104.1036 103.7965 103.4298 103.2409 102.9152 102.8248 102.9247 102.9745 103.1289 102.7996 102.8766 102.9876 102.9965 102.4050 103.1015 103.2011 103.5999 104.3533 105.4831 107.1345 109.7835 113.3488 117.8836 122.5287 127.1728 131.8160 136.4586 141.1014 145.7447 150.3892 152.8701 151.5650
146.7554 149.0620 146.9769 144.0989 140.0394 135.4364 131.9676 128.2806 125.0819 123.1470 121.7924 119.6650 118.7058 118.2507 119.5998 121.8214 121.3426 119.9690 116.6828 112.9327 110.8148 108.8937 107.6772 107.2142 106.8335 106.5161 106.5454 106.6300 106.1183 105.7544 105.1895 104.8562 104.5025 104.1457 104.1205 103.7386 103.6321 103.3605 103.0943 102.9635 103.2033 103.1196 103.1130 102.9809 102.5315 103.2164 103.5430 103.5791 104.2280 105.9568 109.4979 112.4600 115.7456 119.4799 123.6537 127.8035 132.4206 137.0627 141.7051 146.3480 150.9921 154.4289 153.4590
144.3587 145.0986 143.3350 141.9212 139.4544 136.0031 133.0512 129.5769 126.0980 122.4494 120.7535 119.7186 118.2261 117.3476 117.6108 119.3700 118.0337 116.7772 115.6677 112.4359 110.3206 108.7998 108.6972 108.3804 107.6053 107.0753 107.3668 107.4924 107.0377 106.3829 105.9737 105.3322 105.2468 104.7747 104.9069 104.6785 104.6445 104.3634 103.6789 103.4263 103.2296 103.2039 103.1754 103.2441 102.6985 102.8272 103.1958 103.7238 104.3971 107.1599 110.9958 114.7813 118.1397 121.3136 124.4421 128.3594 132.9557 137.4517 142.0928 146.7352 151.3786 154.4493 154.7935
142.1185 141.3235 139.1438 137.5746 136.2424 133.2725 132.5398 131.1335 127.4061 123.3620 119.8954 118.9018 117.9506 117.1401 115.8554 115.7206 116.0006 113.9904 112.4921 111.0431 109.9062 110.0419 109.7423 109.3332 109.2989 109.0985 108.8633 108.2740 107.6569 107.4149 106.8826 106.4072 105.9742 105.6749 105.6908 105.5311 105.2740 104.9981 104.5357 103.9151 103.4456 103.2153 103.3436 103.1745 102.8750 103.2649 103.5513 103.7868 104.7622 107.5776 110.6474 114.4849 117.7326 120.6489 123.8033 127.6335 131.7913 136.4129 140.8322 145.4745 150.1175 153.5142 154.8095
137.8631 137.6479 135.6018 133.2346 131.8626 130.4321 129.2869 130.6570 128.5619 124.4786 121.2366 118.9255 117.1060 116.2653 115.2638 114.3106 113.5616 112.8201 111.6430 110.7233 110.6949 111.1070 111.2146 111.8238 111.0930 112.5273 110.9322 109.7770 109.2664 108.7475 108.2880 107.5237 107.0312 106.4861 106.3492 106.3603 106.0799 105.4903 104.7571 104.4086 104.1507 103.3825 103.5569 103.5175 103.0474 103.6992 104.0164 103.8064 104.0741 105.5662 108.9020 112.9438 116.7820 119.2056 121.8957 125.9364 129.9540 134.2651 138.9058 143.5491 148.1928 152.5553 154.2492
135.0484 134.6075 132.5218 130.2286 129.4135 127.9024 127.6466 128.9300 129.3332 125.9398 123.3567 120.3919 117.7755 115.8985 115.1161 114.3033 113.3508 112.4460 111.7734 111.3732 111.8997 112.3706 113.9932 114.8192 113.3302 114.9763 113.8037 113.1541 112.2101 111.7632 110.3457 109.5205 108.4449 108.2522 107.4098 107.5090 107.1670 105.9259 104.9029 104.6376 104.2567 103.8718 103.9388 103.7916 103.1960 103.7129 104.0592 103.9450 104.2864 105.4048 108.8505 112.5725 114.6706 117.1955 120.5275 124.2313 128.1070 132.5327 137.1752 141.8198 146.4650 151.1069 152.6356
132.2982 132.1487 129.8776 128.3141 127.6025 126.7746 127.7135 126.9615 127.4449 127.2048 125.7000 121.9513 118.2731 115.9792 114.5975 113.8995 113.2626 112.6125 112.2698 112.9382 113.3736 114.9499 116.0022 117.2892 116.1683 116.8505 117.6665 117.5496 116.7263 115.9798 114.4948 113.5690 112.3666 111.2657 109.6028 109.0996 109.3109 107.4675 105.9166 105.1121 104.5114 104.3033 104.0904 103.9880 103.8965 103.3824 103.6645 104.0674 104.5957 105.3788 107.5512 109.6567 112.3791 114.7808 119.1303 123.3964 127.7162 132.2652 136.9088 141.5532 145.6060 148.6803 149.9130
129.4640 129.8994 128.9830 126.8773 126.2150 125.8475 125.3664 124.8883 125.0840 125.3425 124.7168 123.0502 118.8461 116.2356 115.1226 114.1431 113.6294 113.3573 113.6130 114.9143 116.0090 118.0409 119.3453 120.7006 120.6610 121.2785 122.0416 122.1907 121.3686 120.6207 119.1360 118.2102 116.7467 114.8256 111.8486 110.6779 109.7164 107.9736 106.5503 105.5563 104.9044 104.5270 104.2753 104.2565 104.0385 103.4975 104.3308 104.2347 104.6921 105.3366 106.5851 108.4576 111.4240 115.3326 119.8267 123.7313 128.1704 132.0996 136.4502 140.7291 143.7951 145.3153 145.6709
128.1718 128.5300 127.0268 125.9236 125.1031 124.8268 124.5587 124.3738 123.9518 123.6442 124.4971 123.2489 119.9252 116.5275 115.3325 115.2533 114.5109 114.5887 115.5453 117.5510 119.8079 122.0207 123.7356 125.2358 125.3028 125.9200 126.5828 126.8335 126.0122 125.0918 123.1897 122.4911 119.2822 115.1528 113.4652 112.8444 111.2439 109.3230 107.8537 106.6699 105.5820 105.1118 104.5500 104.2984 104.4160 103.6227 104.3447 104.4888 104.5592 105.5070 108.4840 111.2585 113.7883 116.9277 120.3322 123.1000 126.5368 130.5607 134.9722 138.5158 140.1947 141.0198 141.2916
126.6506 126.9677 125.7672 125.1903 124.5478 123.9365 123.8866 124.0074 123.3642 122.9019 123.1483 122.8863 120.1803 117.1894 117.3027 116.6203 115.0971 115.7938 117.3783 120.8705 123.8080 126.3470 128.3773 129.6235 129.8896 130.5632 131.2252 131.4769 130.6566 129.4633 126.9177 122.6883 119.0133 117.3306 116.7778 116.4176 114.9973 112.6483 111.0166 108.3303 106.4912 105.6127 104.6926 104.3552 104.6165 103.7714 104.5732 104.6348 104.7039 106.2089 109.7037 113.1648 114.0975 115.8558 118.8219 122.2842 126.0214 129.6116 133.4248 134.9914 136.3269 137.0800 137.7905
125.1805 125.4317 124.6496 124.0221 123.8404 123.4264 122.9814 122.9950 122.6891 122.4342 122.1547 121.8704 120.2215 119.7182 119.8626 117.2809 116.1883 117.1517 119.5468 123.4179 127.0849 130.3715 132.9127 133.7806 134.5329 135.2067 135.8686 136.0502 133.8543 130.3579 125.7089 122.8339 121.2396 120.5430 120.9253 120.0286 118.5264 116.5878 113.0277 109.0943 109.1645 106.4814 104.8757 104.5160 104.5095 104.5111 104.0136 104.7292 105.0917 105.8630 108.7801 110.0682 113.3240 116.7896 119.9480 122.2799 125.5687 128.4898 130.5550 131.2846 132.2816 132.8098 133.7135
