windows/stream/Debug/test_output_float_win32.asc
ncols 100
nrows 100
xllcorner 1.9252e+06
yllcorner 5.7735e+06
cellsize 8
NODATA_value -99999
[rows 60 to 89 of 100, columns 0 to 66 of 100]
122.577 124.544 124.735 124.834 124.903 124.928 124.905 124.838 124.732 124.59 124.417 124.221 124.005 123.774 123.528 123.272 123.009 122.739 122.466 122.188 121.908 121.627 121.346 121.064 120.782 120.503 120.228 119.96 119.703 119.458 119.23 119.023 118.838 118.679 118.545 118.424 118.299 118.203 118.265 118.403 118.548 118.711 118.908 119.149 119.439 119.775 120.156 120.577 121.036 121.531 122.056 122.606 123.174 123.755 124.34 124.923 125.496 126.052 126.583 127.084 127.548 127.969 128.342 128.662 128.928 129.138 129.289
121.927 123.882 124.144 124.308 124.433 124.506 124.526 124.5 124.431 124.327 124.189 124.026 123.843 123.642 123.425 123.197 122.959 122.715 122.464 122.208 121.948 121.685 121.42 121.152 120.884 120.616 120.352 120.095 119.847 119.612 119.394 119.195 119.018 118.864 118.735 118.619 118.502 118.411 118.462 118.589 118.728 118.885 119.078 119.316 119.602 119.934 120.311 120.728 121.185 121.677 122.2 122.748 123.316 123.896 124.481 125.065 125.639 126.197 126.731 127.235 127.702 128.127 128.505 128.829 129.099 129.313 129.468
120.979 123.132 123.558 123.819 124.008 124.132 124.196 124.205 124.169 124.096 123.989 123.855 123.699 123.524 123.333 123.129 122.914 122.692 122.461 122.224 121.981 121.734 121.483 121.229 120.973 120.717 120.464 120.218 119.981 119.756 119.546 119.355 119.185 119.037 118.911 118.8 118.69 118.605 118.648 118.765 118.897 119.051 119.24 119.475 119.758 120.087 120.461 120.875 121.329 121.819 122.341 122.888 123.455 124.034 124.62 125.204 125.78 126.34 126.876 127.383 127.853 128.281 128.662 128.991 129.264 129.482 129.641
120.085 122.413 123.051 123.404 123.651 123.817 123.916 123.957 123.948 123.901 123.819 123.709 123.576 123.424 123.254 123.071 122.877 122.673 122.46 122.238 122.01 121.776 121.537 121.296 121.052 120.809 120.568 120.333 120.107 119.892 119.691 119.507 119.343 119.199 119.076 118.969 118.866 118.787 118.823 118.931 119.058 119.208 119.395 119.628 119.908 120.236 120.606 121.019 121.471 121.96 122.48 123.026 123.592 124.172 124.758 125.343 125.92 126.481 127.019 127.528 128.001 128.432 128.816 129.148 129.425 129.646 129.809
119.624 121.905 122.674 123.091 123.376 123.571 123.694 123.758 123.771 123.744 123.681 123.591 123.477 123.342 123.191 123.025 122.848 122.659 122.46 122.252 122.036 121.814 121.589 121.36 121.129 120.897 120.668 120.445 120.228 120.022 119.829 119.651 119.491 119.351 119.23 119.127 119.031 118.958 118.989 119.09 119.211 119.359 119.545 119.776 120.055 120.381 120.749 121.16 121.611 122.099 122.618 123.163 123.729 124.309 124.895 125.481 126.059 126.621 127.162 127.672 128.147 128.581 128.968 129.303 129.583 129.807 129.973
119.44 121.59 122.422 122.875 123.185 123.398 123.535 123.612 123.64 123.626 123.578 123.502 123.402 123.282 123.145 122.993 122.829 122.652 122.465 122.269 122.066 121.858 121.645 121.429 121.209 120.989 120.77 120.556 120.348 120.149 119.962 119.788 119.632 119.495 119.377 119.277 119.187 119.122 119.148 119.242 119.359 119.506 119.691 119.921 120.199 120.524 120.891 121.301 121.751 122.238 122.757 123.302 123.868 124.448 125.034 125.621 126.199 126.763 127.305 127.817 128.294 128.729 129.118 129.456 129.738 129.965 130.133
119.531 121.478 122.304 122.757 123.069 123.288 123.434 123.519 123.554 123.549 123.51 123.443 123.353 123.244 123.118 122.976 122.823 122.657 122.483 122.3 122.11 121.915 121.713 121.506 121.296 121.086 120.877 120.67 120.469 120.275 120.092 119.922 119.769 119.634 119.518 119.422 119.338 119.279 119.302 119.39 119.504 119.65 119.835 120.065 120.342 120.667 121.034 121.443 121.893 122.38 122.898 123.443 124.009 124.589 125.176 125.763 126.343 126.907 127.45 127.963 128.442 128.879 129.269 129.608 129.893 130.121 130.292
119.548 121.462 122.305 122.744 123.037 123.245 123.386 123.473 123.513 123.512 123.475 123.414 123.331 123.231 123.114 122.984 122.841 122.688 122.525 122.354 122.174 121.987 121.794 121.596 121.395 121.192 120.989 120.788 120.591 120.402 120.221 120.054 119.903 119.771 119.657 119.564 119.485 119.432 119.453 119.536 119.648 119.794 119.979 120.209 120.487 120.811 121.179 121.588 122.038 122.525 123.044 123.589 124.156 124.736 125.323 125.911 126.491 127.056 127.599 128.114 128.593 129.03 129.422 129.762 130.048 130.277 130.45
119.971 121.907 122.522 122.865 123.109 123.284 123.404 123.479 123.514 123.512 123.478 123.422 123.346 123.253 123.146 123.025 122.891 122.747 122.592 122.429 122.257 122.077 121.892 121.701 121.506 121.308 121.109 120.912 120.718 120.531 120.354 120.189 120.04 119.909 119.797 119.707 119.632 119.585 119.603 119.683 119.793 119.94 120.125 120.356 120.635 120.96 121.328 121.739 122.189 122.676 123.196 123.742 124.308 124.889 125.477 126.065 126.645 127.211 127.754 128.269 128.748 129.187 129.579 129.919 130.205 130.435 130.608
120.436 122.438 122.831 123.063 123.243 123.378 123.472 123.53 123.555 123.55 123.517 123.465 123.395 123.308 123.207 123.093 122.967 122.83 122.683 122.526 122.361 122.187 122.007 121.82 121.629 121.435 121.239 121.045 120.854 120.669 120.493 120.33 120.181 120.051 119.942 119.854 119.782 119.739 119.756 119.833 119.942 120.089 120.276 120.508 120.788 121.114 121.485 121.896 122.348 122.836 123.356 123.903 124.47 125.051 125.64 126.228 126.808 127.374 127.917 128.432 128.911 129.349 129.741 130.08 130.366 130.596 130.769
120.859 122.87 123.159 123.31 123.429 123.52 123.584 123.622 123.635 123.624 123.592 123.542 123.475 123.395 123.3 123.192 123.072 122.942 122.8 122.648 122.488 122.318 122.141 121.958 121.769 121.577 121.384 121.191 121.001 120.817 120.642 120.479 120.332 120.202 120.094 120.007 119.938 119.899 119.914 119.989 120.098 120.245 120.434 120.668 120.949 121.277 121.65 122.063 122.516 123.005 123.527 124.074 124.643 125.224 125.813 126.401 126.982 127.547 128.09 128.604 129.082 129.519 129.909 130.248 130.533 130.762 130.934
121.136 123.252 123.502 123.591 123.653 123.7 123.733 123.75 123.751 123.735 123.703 123.655 123.592 123.515 123.425 123.322 123.207 123.081 122.944 122.797 122.64 122.473 122.299 122.118 121.931 121.74 121.547 121.355 121.165 120.981 120.806 120.642 120.494 120.364 120.257 120.17 120.103 120.066 120.08 120.153 120.262 120.411 120.601 120.837 121.119 121.449 121.824 122.241 122.696 123.187 123.71 124.259 124.828 125.411 126 126.588 127.169 127.733 128.276 128.788 129.265 129.701 130.088 130.424 130.707 130.935 131.105
121.7 123.781 123.899 123.902 123.901 123.905 123.909 123.91 123.902 123.882 123.851 123.805 123.746 123.673 123.587 123.488 123.377 123.255 123.121 122.976 122.821 122.657 122.484 122.304 122.118 121.927 121.734 121.54 121.35 121.164 120.987 120.822 120.673 120.542 120.434 120.346 120.28 120.245 120.257 120.328 120.437 120.587 120.78 121.017 121.302 121.634 122.011 122.432 122.891 123.384 123.909 124.459 125.029 125.613 126.203 126.791 127.371 127.935 128.476 128.987 129.462 129.893 130.278 130.612 130.892 131.117 131.284
122.825 124.474 124.344 124.225 124.157 124.123 124.107 124.098 124.085 124.065 124.035 123.993 123.939 123.871 123.79 123.695 123.587 123.468 123.336 123.193 123.039 122.876 122.703 122.522 122.335 122.142 121.947 121.752 121.559 121.371 121.191 121.023 120.871 120.738 120.628 120.538 120.472 120.437 120.447 120.515 120.626 120.778 120.972 121.211 121.498 121.833 122.213 122.636 123.099 123.597 124.124 124.676 125.248 125.833 126.423 127.012 127.591 128.154 128.693 129.202 129.673 130.101 130.482 130.813 131.089 131.31 131.473
123.874 125.084 124.728 124.514 124.399 124.344 124.32 124.31 124.299 124.284 124.259 124.222 124.173 124.111 124.035 123.945 123.841 123.724 123.594 123.452 123.298 123.134 122.96 122.777 122.587 122.392 122.194 121.995 121.797 121.605 121.421 121.249 121.093 120.956 120.842 120.748 120.681 120.645 120.653 120.718 120.83 120.983 121.179 121.421 121.71 122.048 122.431 122.857 123.323 123.825 124.357 124.913 125.487 126.073 126.665 127.253 127.832 128.393 128.929 129.434 129.902 130.327 130.704 131.03 131.302 131.517 131.675
123.784 125.219 124.906 124.707 124.601 124.556 124.543 124.543 124.544 124.538 124.523 124.495 124.453 124.397 124.326 124.241 124.141 124.027 123.898 123.756 123.602 123.436 123.26 123.074 122.881 122.681 122.478 122.273 122.07 121.871 121.681 121.503 121.341 121.199 121.078 120.98 120.91 120.872 120.876 120.938 121.051 121.204 121.403 121.647 121.939 122.279 122.666 123.097 123.567 124.072 124.608 125.168 125.746 126.334 126.927 127.515 128.093 128.653 129.187 129.689 130.153 130.574 130.946 131.267 131.532 131.741 131.893
123.344 125.043 124.906 124.802 124.76 124.756 124.774 124.799 124.82 124.832 124.83 124.814 124.781 124.732 124.668 124.587 124.49 124.379 124.252 124.111 123.956 123.787 123.607 123.417 123.218 123.013 122.803 122.591 122.38 122.173 121.975 121.788 121.618 121.468 121.339 121.236 121.161 121.12 121.12 121.177 121.29 121.443 121.644 121.891 122.186 122.53 122.921 123.356 123.831 124.341 124.881 125.445 126.026 126.618 127.212 127.802 128.379 128.937 129.469 129.968 130.429 130.844 131.211 131.525 131.783 131.984 132.129
122.869 124.734 124.78 124.82 124.884 124.95 125.018 125.081 125.132 125.168 125.185 125.183 125.162 125.122 125.064 124.988 124.895 124.785 124.659 124.518 124.362 124.191 124.006 123.81 123.605 123.392 123.173 122.951 122.731 122.514 122.305 122.107 121.927 121.767 121.628 121.516 121.435 121.389 121.383 121.435 121.547 121.7 121.902 122.152 122.451 122.799 123.194 123.635 124.116 124.632 125.178 125.747 126.333 126.927 127.524 128.115 128.693 129.25 129.78 130.276 130.732 131.142 131.503 131.809 132.058 132.251 132.386
122.201 124.239 124.559 124.796 124.992 125.156 125.289 125.401 125.489 125.552 125.592 125.608 125.6 125.57 125.519 125.448 125.359 125.251 125.125 124.982 124.823 124.649 124.461 124.258 124.044 123.821 123.592 123.359 123.126 122.896 122.674 122.464 122.27 122.096 121.945 121.824 121.734 121.68 121.667 121.712 121.821 121.975 122.178 122.431 122.734 123.086 123.488 123.935 124.423 124.946 125.499 126.075 126.666 127.266 127.866 128.459 129.038 129.595 130.122 130.615 131.066 131.47 131.823 132.12 132.361 132.543 132.667
121.515 123.667 124.353 124.786 125.119 125.391 125.603 125.769 125.898 125.994 126.057 126.092 126.099 126.08 126.037 125.972 125.885 125.779 125.653 125.508 125.346 125.167 124.973 124.763 124.54 124.306 124.064 123.818 123.569 123.324 123.085 122.858 122.648 122.459 122.293 122.158 122.057 121.993 121.972 122.009 122.112 122.266 122.47 122.726 123.034 123.393 123.802 124.257 124.753 125.285 125.847 126.43 127.029 127.635 128.24 128.836 129.416 129.973 130.499 130.988 131.434 131.832 132.176 132.464 132.694 132.865 132.975
120.857 123.211 124.218 124.836 125.309 125.684 125.973 126.201 126.372 126.499 126.588 126.642 126.663 126.655 126.62 126.561 126.478 126.373 126.246 126.1 125.934 125.749 125.547 125.329 125.096 124.849 124.592 124.329 124.063 123.799 123.541 123.294 123.063 122.855 122.671 122.519 122.403 122.327 122.296 122.323 122.419 122.573 122.778 123.037 123.35 123.716 124.134 124.599 125.106 125.649 126.221 126.815 127.423 128.036 128.647 129.248 129.831 130.388 130.913 131.399 131.839 132.229 132.565 132.843 133.062 133.22 133.314
120.706 123.15 124.27 125.016 125.604 126.063 126.423 126.707 126.92 127.078 127.19 127.262 127.298 127.301 127.274 127.219 127.14 127.036 126.909 126.76 126.589 126.398 126.188 125.959 125.714 125.453 125.179 124.897 124.61 124.324 124.042 123.771 123.517 123.285 123.079 122.907 122.773 122.681 122.637 122.652 122.74 122.892 123.097 123.36 123.68 124.055 124.484 124.961 125.482 126.039 126.624 127.231 127.85 128.473 129.092 129.698 130.285 130.843 131.367 131.85 132.285 132.668 132.995 133.263 133.469 133.611 133.688
120.763 123.304 124.505 125.349 126.021 126.55 126.97 127.301 127.552 127.737 127.87 127.958 128.006 128.019 127.999 127.95 127.873 127.771 127.643 127.491 127.316 127.118 126.898 126.658 126.398 126.121 125.829 125.524 125.213 124.9 124.591 124.291 124.008 123.748 123.516 123.319 123.162 123.052 122.993 122.994 123.07 123.219 123.425 123.692 124.02 124.406 124.849 125.342 125.88 126.453 127.056 127.678 128.311 128.947 129.576 130.19 130.781 131.342 131.865 132.344 132.774 133.151 133.469 133.726 133.919 134.043 134.1
121.044 123.666 124.928 125.842 126.573 127.161 127.629 127.997 128.276 128.482 128.632 128.733 128.792 128.813 128.799 128.755 128.681 128.579 128.451 128.296 128.116 127.911 127.682 127.428 127.153 126.857 126.544 126.213 125.874 125.53 125.188 124.855 124.537 124.243 123.98 123.753 123.569 123.436 123.357 123.342 123.406 123.55 123.755 124.028 124.365 124.766 125.226 125.739 126.298 126.894 127.517 128.159 128.81 129.46 130.102 130.725 131.323 131.886 132.409 132.887 133.313 133.682 133.992 134.237 134.414 134.52 134.557
121.455 124.195 125.534 126.499 127.281 127.91 128.41 128.803 129.098 129.318 129.479 129.589 129.656 129.684 129.676 129.635 129.564 129.463 129.335 129.178 128.993 128.78 128.541 128.274 127.981 127.665 127.326 126.967 126.595 126.215 125.835 125.462 125.104 124.769 124.467 124.205 123.988 123.827 123.724 123.69 123.74 123.877 124.083 124.361 124.71 125.129 125.611 126.15 126.735 127.358 128.008 128.675 129.347 130.017 130.673 131.308 131.912 132.48 133.004 133.48 133.903 134.267 134.568 134.802 134.961 135.048 135.063
122.084 124.944 126.329 127.345 128.158 128.809 129.323 129.724 130.022 130.248 130.413 130.528 130.599 130.632 130.628 130.591 130.523 130.424 130.295 130.136 129.947 129.728 129.478 129.197 128.886 128.546 128.181 127.788 127.379 126.957 126.532 126.112 125.706 125.323 124.974 124.669 124.415 124.218 124.088 124.031 124.064 124.193 124.398 124.683 125.048 125.489 125.999 126.57 127.189 127.847 128.53 129.228 129.927 130.619 131.294 131.941 132.554 133.127 133.654 134.129 134.549 134.907 135.201 135.421 135.565 135.634 135.625
122.956 125.954 127.364 128.398 129.219 129.866 130.372 130.759 131.049 131.27 131.433 131.548 131.62 131.656 131.656 131.622 131.557 131.461 131.333 131.174 130.982 130.756 130.496 130.201 129.871 129.507 129.11 128.68 128.228 127.758 127.281 126.805 126.342 125.902 125.497 125.139 124.839 124.602 124.438 124.355 124.368 124.486 124.69 124.984 125.369 125.838 126.384 126.994 127.657 128.358 129.084 129.82 130.553 131.272 131.967 132.629 133.252 133.831 134.36 134.836 135.254 135.608 135.895 136.103 136.233 136.283 136.248
124.244 127.306 128.674 129.687 130.477 131.088 131.558 131.908 132.176 132.381 132.534 132.645 132.717 132.754 132.757 132.728 132.668 132.575 132.45 132.291 132.097 131.867 131.598 131.29 130.94 130.549 130.119 129.647 129.145 128.62 128.082 127.541 127.011 126.503 126.032 125.611 125.252 124.968 124.763 124.648 124.638 124.742 124.946 125.252 125.661 126.167 126.757 127.418 128.135 128.892 129.67 130.454 131.229 131.981 132.7 133.378 134.012 134.596 135.128 135.604 136.02 136.373 136.652 136.853 136.972 137.003 136.943
125.947 129.008 130.3 131.229 131.937 132.473 132.868 133.166 133.395 133.574 133.711 133.814 133.883 133.922 133.93 133.906 133.851 133.764 133.643 133.487 133.295 133.062 132.787 132.466 132.098 131.68 131.212 130.693 130.135 129.546 128.936 128.32 127.709 127.121 126.571 126.074 125.646 125.3 125.049 124.895 124.857 124.945 125.147 125.471 125.912 126.463 127.109 127.835 128.62 129.446 130.29 131.135 131.96 132.752 133.499 134.195 134.838 135.426 135.959 136.434 136.851 137.203 137.479 137.677 137.788 137.804 137.718
128.561 131.198 132.267 133.028 133.594 133.997 134.294 134.518 134.694 134.837 134.954 135.046 135.113 135.155 135.168 135.153 135.106 135.027 134.913 134.763 134.575 134.344 134.065 133.735 133.349 132.904 132.396 131.825 131.204 130.54 129.847 129.14 128.435 127.752 127.107 126.519 126.007 125.586 125.272 125.077 125.006 125.074 125.276 125.619 126.098 126.704 127.423 128.233 129.108 130.021 130.948 131.867 132.756 133.595 134.374 135.088 135.737 136.325 136.854 137.327 137.744 138.098 138.379 138.581 138.691 138.696 138.588
