windows/stream/Debug/test_input.asc
NCOLS 100
NROWS 100
XLLCORNER 1925200.0000000000
YLLCORNER 5773500.0000000000
CELLSIZE 8.000000
NODATA_VALUE -99999.0000
[rows 0 to 27 of 100, columns 0 to 62 of 100]
94.4840 94.3893 94.5150 94.5740 94.3410 94.2982 94.3222 94.2816 94.0524 94.0287 93.9842 94.0164 93.9260 93.9287 93.9702 93.9732 93.9127 94.0768 94.2609 94.4578 94.8152 94.8994 95.7164 95.7918 95.7149 95.4739 95.4615 95.1560 95.2076 95.3122 95.3905 95.6071 95.4969 95.6243 95.5086 95.3730 95.4495 95.4472 95.4433 95.3470 95.3421 95.5058 95.6406 95.4585 95.3272 95.3812 95.3870 95.4643 96.1793 97.6334 99.5996 101.5267 104.6789 108.0738 112.5539 117.0089 120.3323 120.7714 117.7525 114.4394 110.5634 107.0197 103.8350
94.5218 94.4933 94.3115 94.3365 94.3278 94.2870 94.2286 94.2523 94.0975 94.1819 94.1288 93.9748 93.9568 93.9006 94.0944 93.8913 94.0287 94.0677 94.6951 95.1962 95.4534 96.3140 96.1580 95.8980 95.6098 95.4791 95.6333 95.3859 95.1568 95.4623 95.4729 95.6296 95.5648 95.6096 95.4719 95.5806 95.4724 95.6201 95.6014 95.5533 95.4836 95.4563 95.5443 95.4526 95.5157 95.5039 95.4645 95.9054 96.8881 98.4771 100.7005 103.6696 106.3247 110.4734 115.2284 119.0948 122.1402 122.8757 120.2107 116.5529 113.4036 108.1363 105.1815
94.5431 94.4684 94.3499 94.2756 94.4608 94.2753 94.2564 94.1723 94.1606 94.0562 94.1750 94.0570 94.0178 94.0303 93.9277 93.9674 94.1590 94.5599 95.4098 96.1692 97.4089 97.7810 97.1227 95.9541 95.7023 95.2877 95.5606 95.5225 95.2849 95.5839 95.5624 95.8093 95.7413 95.6435 95.5968 95.6215 95.5562 95.6553 95.6698 95.7233 95.4740 95.5563 95.6381 95.6315 95.5314 95.5924 95.8506 96.4869 97.5600 99.5645 102.3428 105.6302 109.5110 113.0242 116.7326 121.3893 124.5653 125.0476 122.1778 117.5814 113.7384 110.2152 108.2002
94.5135 94.6486 94.4077 94.3615 94.3888 94.5003 94.2925 94.1535 94.0884 94.0532 94.2423 94.0210 94.1425 94.0770 94.0024 94.0454 94.1503 95.0814 96.7396 98.3819 100.3200 100.5404 98.6350 96.2035 95.6269 95.6323 95.7190 95.6270 95.6472 95.7099 95.6195 95.7120 95.7970 95.7226 95.7187 95.7325 95.4932 95.5868 95.8038 95.7337 95.7324 95.8336 95.7458 95.6603 95.8664 95.7870 96.0370 96.7993 98.6159 100.8377 104.0213 107.5760 111.4259 115.7848 119.1308 123.1250 126.9063 127.4918 126.1067 121.4527 117.1572 113.8917 109.6592
94.6250 94.5453 94.5881 94.4505 94.3909 94.4237 94.4789 94.2433 94.2101 94.0964 94.2390 94.2617 94.0899 94.0795 94.0154 94.0003 94.3403 94.8422 96.2281 99.0908 101.6298 102.5492 99.4823 96.8769 95.7438 95.6037 95.8102 95.4752 95.7029 95.7164 95.6839 95.7539 95.6737 95.7200 95.7641 95.7697 95.7673 95.7337 95.6169 95.6051 95.7786 95.7441 95.6653 95.7038 95.8073 95.6634 96.0511 97.3904 99.4083 102.8395 106.2840 110.7632 114.4386 118.8454 122.5956 126.7472 129.9240 130.7027 128.7025 124.4555 119.9224 116.1539 112.0318
94.5911 94.4572 94.4815 94.5610 94.4611 94.4358 94.4537 94.3369 94.2264 94.3361 94.1815 94.2086 94.1070 94.0768 94.1224 94.1246 94.4903 95.0307 96.0596 98.3582 101.5502 102.3096 100.4428 97.3798 95.8645 95.7289 95.7315 95.5537 95.5758 95.8702 95.7253 95.7380 95.7449 95.8196 95.7618 95.8454 95.8470 95.7902 95.7782 95.8191 95.7530 95.8038 95.7934 95.8716 95.7665 95.9627 96.4510 98.1860 100.3546 104.5185 108.3693 112.8444 117.5038 121.5822 125.8322 129.6964 132.6658 133.9647 131.1375 127.7236 122.5620 117.6190 113.3043
94.6250 94.5986 94.5282 94.4911 94.3992 94.3565 94.3636 94.3899 94.3294 94.2277 94.2179 94.1981 94.1529 94.0540 93.9918 94.5265 94.6161 95.0851 95.9862 97.5638 100.0206 100.0640 99.2261 97.3439 95.9159 95.8351 95.7839 95.8142 95.6888 95.7846 95.6656 95.6954 95.8317 95.9731 95.8009 95.9592 95.8725 95.7450 95.9609 95.9558 95.8992 95.9310 95.8195 95.7961 95.9199 96.2456 96.7969 99.0100 101.4936 105.1924 110.0469 115.0453 119.4595 124.1798 128.4630 132.5123 135.9287 136.3306 134.0517 129.5928 125.0721 119.9103 115.5887
94.6064 94.7799 94.5467 94.8405 94.6137 94.4596 94.4115 94.4485 94.3328 94.4518 94.3341 94.2512 94.1799 94.8594 94.4497 94.5900 94.7462 95.2350 95.9112 97.7809 98.4673 98.0004 97.2126 96.3460 95.9902 95.8105 95.9853 95.6975 95.6839 95.8346 95.8239 95.8000 95.9484 96.0184 95.9441 96.0504 95.9195 95.9069 96.0319 95.9618 96.0864 95.9987 95.9794 96.0305 96.0571 96.2180 97.4550 99.5807 102.3668 106.0433 111.2677 116.3295 121.2253 125.9903 130.6539 135.0202 137.6931 138.2537 135.9567 131.4558 126.4025 122.1704 117.8515
94.7117 94.7365 94.6220 94.8881 94.6589 94.6567 94.5320 94.5306 94.5608 94.5894 94.5577 94.4203 94.4785 94.8243 95.2330 95.7640 96.0395 96.0015 96.4050 96.8974 96.9103 96.3934 96.3603 96.0366 95.8703 95.9454 95.8424 95.6411 95.9186 95.9193 95.8917 95.9402 96.0354 96.0329 95.9274 96.1125 96.1360 96.0490 95.9888 96.0639 96.2261 96.1637 96.0224 96.0726 96.0667 96.3167 97.6893 99.4350 102.9185 106.9238 112.0279 117.3593 122.5963 127.5532 132.2607 136.4010 138.9234 139.5685 137.6493 132.9509 128.3238 124.2622 119.1199
95.0115 95.0795 95.0932 95.0056 94.8317 95.0519 94.9094 94.9647 95.1850 95.2616 95.1454 94.9975 94.8789 95.3414 96.6273 97.3174 97.0752 96.7039 96.6123 96.6451 96.2079 95.9943 96.0412 96.4735 95.6340 95.9147 95.8308 95.7937 96.1099 96.0423 95.9427 96.0836 96.1075 96.2270 96.1052 96.1910 96.1551 96.0346 96.0892 96.1494 96.1680 96.1040 96.1429 96.0752 96.1384 96.5118 97.9168 100.1796 103.7868 108.2321 113.0893 118.1589 123.7190 129.3720 134.1063 138.2052 140.0382 139.6412 136.6340 132.4036 127.7494 122.9564 118.1153
95.3863 95.4872 95.4138 95.4458 95.2476 95.5380 95.4727 95.7532 96.1214 96.0108 95.8680 96.0326 95.8105 96.7163 96.8161 97.7132 97.1949 96.4813 96.0433 96.4267 96.2086 95.9685 96.4587 95.8328 95.3241 95.7615 95.7394 95.7888 96.0603 95.9706 96.1057 96.0555 96.1438 96.1473 96.1365 96.2338 96.1456 96.2181 96.2428 96.1393 96.2971 96.0996 96.2122 96.1788 96.3688 96.7365 97.6548 100.3612 104.3375 108.9380 113.5418 118.7541 125.0392 130.7678 135.5264 138.9082 140.7274 138.5907 134.3301 130.6578 127.0568 123.3826 117.9945
95.8219 96.0240 96.1971 96.3806 96.2084 96.0300 96.1546 96.7545 97.1047 96.9616 97.0785 97.7243 97.8040 97.8368 97.4052 97.8863 97.5768 97.0420 96.5017 96.0946 96.0592 96.1846 96.3089 96.1265 95.8728 95.9985 95.8758 95.8358 96.0129 96.1814 96.2579 96.1788 96.2518 96.2151 96.1018 96.2332 96.2813 96.2940 96.2590 96.2500 96.2964 96.3392 96.3748 96.4234 96.4706 96.6830 98.1637 100.5489 104.4522 108.7062 113.6689 119.3532 125.3685 131.1656 135.4401 139.0440 140.6058 139.2318 135.1899 131.0193 127.5483 124.9806 121.7320
96.6092 96.9321 97.1924 97.2384 97.1082 96.9565 96.9947 97.9601 98.2328 98.5648 98.7487 99.9252 100.3123 99.5281 99.0108 98.5559 98.3537 97.7288 97.0516 96.2844 96.4319 96.0856 96.1757 96.2132 96.2171 96.2348 95.9976 95.9442 96.0055 96.1319 96.3188 96.3020 96.2205 96.2093 96.2592 96.3928 96.3773 96.4100 96.3983 96.1994 96.2474 96.4612 96.2877 96.2169 96.5388 96.8863 98.6841 101.5253 105.0635 108.7692 113.7776 119.2239 125.3902 130.2557 135.2250 138.5503 140.3804 140.5362 137.4049 133.9508 131.0158 128.3714 124.4030
97.2598 97.5855 97.9146 98.0716 97.7056 98.1685 99.1137 99.3012 99.2098 100.6124 101.1589 102.4477 103.0008 102.0199 100.9552 99.7150 99.2334 98.5782 98.0093 97.3799 96.7862 96.6579 96.1865 96.5541 96.5839 96.3446 96.2875 96.0680 96.1913 96.3046 96.3654 96.4272 96.4274 96.4231 96.4951 96.4925 96.4835 96.3174 96.2501 96.5374 96.3986 96.3691 96.5482 96.6003 96.6754 96.9240 98.6530 101.9316 105.7799 109.6557 113.8285 119.4578 124.2811 129.3903 133.8590 137.3931 139.5114 140.3556 139.4185 137.0110 134.4233 130.5971 126.0797
97.9140 98.5696 98.6118 98.7853 99.1365 99.9196 100.9593 101.0089 100.9618 102.1612 104.1521 105.7288 105.1015 103.7803 101.6085 100.5969 100.6184 99.4355 98.5039 98.3759 97.5387 97.2035 97.1007 96.6501 96.4182 96.5197 96.3538 96.1218 96.2683 96.5982 96.4407 96.5370 96.5723 96.5201 96.7095 96.4703 96.5633 96.6443 96.8470 96.5097 96.5393 96.6202 96.4252 96.6280 96.7329 96.8316 98.0443 101.0087 105.7511 110.2595 114.5503 118.8565 123.3546 128.0791 131.9836 135.7232 138.3547 140.0070 140.2411 139.1835 135.9151 132.4433 127.4066
98.4953 99.3150 99.5408 100.9677 101.4710 102.0703 103.3387 102.3378 102.2401 104.2008 105.4894 107.4503 106.0810 103.2579 101.2486 100.7166 100.9811 100.5871 100.3570 99.7470 98.6663 98.4759 97.7325 96.5973 96.4702 96.5728 96.3948 96.1649 96.4998 96.6666 96.4908 96.7742 96.6159 96.5645 96.7100 96.5285 96.8017 96.7513 96.7903 96.7320 96.7027 96.7405 96.6831 96.7179 96.7809 97.0050 97.8348 100.3904 104.7068 109.6421 113.1418 117.3837 121.6659 126.1529 129.4141 133.0233 135.8533 138.3505 139.6733 139.3916 137.3832 134.1207 129.8318
99.4653 99.8667 100.3027 101.6757 103.6330 104.2512 104.3859 103.6230 103.7210 105.3843 107.4415 107.1929 103.7887 101.8344 100.8316 100.3469 99.8893 100.0379 99.6700 99.2341 99.2901 98.3756 97.3370 96.9940 96.5682 96.6043 96.3979 96.2386 96.3849 96.7609 96.6826 96.7300 96.7209 96.7584 96.8988 96.7448 96.8533 96.8608 97.0029 96.6525 96.8453 96.8848 96.9831 97.0488 96.9333 97.0990 98.0323 100.0754 104.0055 108.0965 111.5073 115.5033 119.0018 122.7732 126.2797 130.0777 133.0986 136.2025 138.2546 139.0618 137.3358 134.9999 130.9180
101.2225 101.2145 101.7520 102.8779 103.8145 105.4408 106.4391 105.5641 105.8513 107.0447 108.3579 105.8986 103.2850 101.6110 100.9343 100.3243 99.9468 99.0764 98.5078 98.3897 97.7978 97.4277 96.9381 96.5050 96.6421 96.6599 96.5604 96.3904 96.3432 96.5356 96.6578 96.8108 96.9130 96.8296 96.8365 97.0650 97.1182 97.1012 96.9020 97.1260 97.1200 97.2039 97.3197 97.3662 97.2938 97.2215 97.9976 99.9533 103.1999 106.7396 109.5505 113.4642 116.3689 119.4117 122.8084 126.1450 129.8923 132.6877 135.2495 137.2756 137.2811 135.2427 131.4185
103.3222 103.0945 102.4899 103.2909 105.1694 105.9541 106.9000 107.0363 108.1255 109.1246 107.9302 105.3537 103.0693 102.0333 101.1732 100.5209 100.3608 99.0974 98.6779 98.0049 97.5714 97.4301 96.9194 96.8904 96.7749 96.6076 96.5984 96.4878 96.4233 96.5295 96.5130 96.4735 96.5049 96.5871 96.6314 96.5705 97.0397 97.0257 96.8480 96.9597 97.2086 97.3984 97.1538 97.3247 97.4785 97.5340 97.6159 99.4629 101.6693 104.6241 107.1885 110.1950 112.9736 115.6511 119.3313 123.1666 126.7777 129.0387 132.3550 134.4876 136.5448 135.4701 133.1003
105.2265 104.6792 104.1450 105.6543 106.1361 107.2755 107.5702 108.7453 109.3336 107.9285 106.7941 104.8846 103.4856 102.7400 101.8535 100.9206 100.0798 99.3058 98.9006 98.3840 97.4632 97.1094 96.9262 96.8397 96.6978 96.7260 96.7240 96.7925 96.8635 96.7619 96.8211 96.6635 96.9117 96.8279 96.6978 96.5628 96.6692 96.7541 96.9170 97.1224 97.3083 97.3816 97.3404 97.3307 97.6823 97.5469 98.0810 99.6283 100.9592 102.6657 104.9499 107.1898 110.1525 113.0057 116.8502 119.3932 122.7838 125.7536 129.0336 131.3574 134.4319 135.9059 134.9183
105.8630 105.8314 105.5885 106.8283 107.9049 108.8274 109.4301 110.7617 110.0742 107.6514 105.7929 104.8913 104.2690 103.0801 101.8722 101.0393 100.4921 99.6983 98.9757 98.4798 97.8145 97.1747 96.8408 96.9296 96.7475 96.8934 96.8028 97.0955 97.0061 96.9439 96.8662 97.0666 97.2821 97.4290 97.2862 97.2295 96.4336 96.6460 96.7769 96.9552 97.0885 96.9611 97.1902 97.4926 97.4889 97.6349 98.1937 98.8138 100.4083 101.8205 103.5946 105.6517 107.9681 110.6195 113.9024 117.1411 119.5515 122.1564 125.6912 128.0695 132.0763 135.5869 136.1372
107.1321 108.0355 108.3731 108.7705 109.7162 110.7428 112.1159 112.7748 111.5015 108.8410 108.5501 106.2137 105.1256 103.7091 102.6447 101.0813 100.5537 99.8633 99.1601 98.7274 97.7924 97.2730 96.9322 96.9648 96.9553 96.9907 96.9214 97.2607 97.1219 97.1502 97.0492 97.1654 97.2572 97.4448 97.2689 97.1509 96.8769 96.4943 96.5962 96.7427 96.9438 97.0861 97.2030 97.5850 97.5676 97.7041 98.5730 99.9690 100.9318 101.3024 103.0646 104.4643 106.8438 109.2128 112.2938 114.6116 117.0719 119.3298 122.5986 126.4655 130.9414 134.2492 135.1994
108.7575 109.8639 110.3640 110.6367 111.4424 112.3524 114.1757 115.6370 114.3302 112.5192 110.2110 107.9903 107.2500 105.0490 103.0386 102.1778 101.6697 100.2513 99.4719 98.7272 97.9259 97.3543 97.1468 97.0965 96.9935 97.1422 96.9022 96.9718 97.0421 97.2206 97.0970 97.3190 97.3685 97.4806 97.2550 97.0958 96.9061 97.0256 96.8578 96.7200 97.1025 97.2487 97.5356 97.8106 98.0166 98.3090 100.2853 102.8530 103.3795 103.2280 103.2401 104.1932 106.2620 108.6400 110.9715 112.1159 114.6332 117.6753 121.1292 124.8065 128.6829 131.9602 133.4880
111.0106 112.0052 112.9534 114.7829 115.2971 115.4695 116.5232 118.3802 117.6220 115.1278 112.0605 110.3969 109.6509 107.1587 105.0668 103.3762 101.6948 100.9053 99.6110 98.9834 98.3594 97.6000 97.6139 97.2258 97.1836 97.1471 97.0582 96.8891 96.8559 96.9179 97.3297 97.2773 97.2314 97.1682 97.1304 97.2029 97.1952 97.1792 97.2337 96.9031 97.0070 97.4753 97.8456 98.0076 98.3860 99.2749 100.9858 103.8213 105.8838 106.4486 106.5178 105.7275 106.1587 107.7557 108.9751 110.3633 112.5328 115.3913 118.8522 122.0596 125.6313 128.9846 131.3683
114.2296 115.4134 115.6908 117.2572 119.1986 119.2773 120.2756 121.1699 120.1807 116.8115 114.5091 113.9606 112.7605 109.5477 107.0514 104.4513 103.0473 101.4345 100.1812 99.6234 98.8142 98.2786 97.8770 97.5526 97.4359 97.3116 96.9997 97.0230 97.0759 97.1763 97.2437 97.2632 97.2598 97.3003 97.3122 97.1280 97.5013 97.3143 97.5326 97.5070 97.2376 97.6141 98.1321 98.3491 98.6844 99.1129 101.0209 102.1337 105.0616 106.6026 106.7363 107.2308 106.4085 106.1736 107.2173 109.4269 110.7819 112.9004 115.5900 118.3838 121.8817 125.9994 129.1315
116.8819 119.1044 119.3927 120.1707 122.3372 123.9315 124.4561 124.1439 123.0046 121.0797 120.1904 117.9843 115.9785 113.6920 110.5105 107.4111 104.9194 102.2017 101.0719 100.0661 99.4104 98.8194 98.3041 97.8537 97.7559 97.6890 97.1379 97.1498 97.3819 97.3628 97.2267 97.3276 97.4027 97.4051 97.4102 97.4093 97.4888 97.6178 97.8311 97.6413 97.4927 97.5008 98.1259 98.3292 98.9085 99.9537 100.2553 100.2951 102.0084 103.1607 103.1556 104.4085 104.5125 105.5246 106.5836 107.8712 109.4061 111.2931 113.6290 116.5749 119.6106 123.1516 126.7861
118.3130 121.6376 123.8349 125.5324 126.7572 128.6389 128.4950 127.9803 127.0676 125.7951 124.5304 123.1096 120.7538 118.6965 114.6132 111.3850 106.8333 104.1404 101.9474 100.7690 99.8637 99.4265 98.8543 98.4245 98.1271 98.0250 97.6004 97.2555 97.3996 97.3977 97.3612 97.4893 97.5489 97.4710 97.4794 98.0100 98.0884 98.1174 98.0422 97.8869 97.7578 97.6438 97.8848 98.4300 99.1204 99.7898 100.0517 100.4510 101.4073 102.0823 102.8009 103.4603 104.3297 105.4790 106.4554 108.1041 110.1557 111.5363 113.5135 115.7126 117.9209 121.5012 125.5121
122.0196 125.3758 128.1099 129.8891 131.7662 132.7100 133.1948 133.1944 132.3506 130.6180 128.5760 126.9928 124.6549 121.2981 116.7612 112.8490 108.8824 105.4553 102.9629 101.4757 100.6305 99.7836 99.4565 99.0467 98.7331 98.4787 98.0899 97.7408 97.8386 97.6374 97.4783 97.5544 98.3444 98.0759 98.0343 98.2436 98.3557 98.4914 98.1858 98.0545 97.9403 97.8164 98.1648 98.7252 99.3826 101.8918 101.2856 100.7754 101.5562 102.1229 103.0950 104.3983 104.9787 106.1182 107.7949 109.0083 110.3925 112.1367 114.0596 115.9034 118.4381 121.7165 125.7648
