windows/stream/Debug/test_input.asc
NCOLS 100
NROWS 100
XLLCORNER 1925200.0000000000
YLLCORNER 5773500.0000000000
CELLSIZE 8.000000
NODATA_VALUE -99999.0000
[rows 56 to 83 of 100, columns 0 to 62 of 100]
125.3303 123.7082 122.8141 121.5355 121.0380 120.9765 120.4155 120.5092 120.5584 120.1377 119.6436 119.4568 119.3009 119.3845 118.4498 116.1847 115.9356 116.3992 120.0669 123.6809 127.9720 131.3109 134.5824 137.2302 138.5947 139.3629 138.7839 136.2915 132.0581 127.8898 125.6388 125.0742 124.8122 124.8069 123.6120 122.1093 120.2096 117.0235 112.7101 110.1718 108.9514 105.7941 103.0840 102.8456 103.0894 103.6048 102.6187 104.0731 104.2402 104.3723 105.6704 108.8426 112.7394 115.6223 116.7826 118.6525 121.4991 124.1484 125.6138 126.2508 127.3070 128.7197 130.6109
124.3619 125.1919 123.2937 121.7116 120.6341 120.1599 119.7800 119.7694 119.7887 119.8171 119.1720 118.9035 118.6345 118.5311 118.6026 117.6851 117.5543 118.1394 121.3362 124.5363 129.1473 132.9096 136.0585 140.0857 142.2260 142.4022 140.3009 136.4098 132.0856 130.5367 129.4601 128.8696 128.5874 128.6352 127.1058 124.1341 121.2420 117.5958 113.7852 111.7562 108.3666 104.3831 103.0200 103.0591 103.3245 103.5164 102.8656 104.0840 104.6206 105.1616 107.1450 109.8651 111.5378 111.8959 111.3433 115.3615 119.2352 121.4886 122.6036 123.4263 125.2137 127.6880 130.9641
123.6774 124.8575 123.6572 121.8009 120.6004 119.9894 119.2469 119.3646 119.7120 119.6043 119.1090 118.6341 118.0768 117.9700 118.0937 118.5089 118.9812 119.4094 121.2162 124.5126 129.0028 133.1284 137.1224 141.7091 144.5279 145.0031 141.6385 137.5446 135.3363 134.9595 133.6332 132.5161 132.9146 131.9511 128.8919 124.4145 120.9860 117.2695 115.0302 111.1779 106.4360 104.0812 103.1651 103.3800 103.7639 104.2426 103.2520 103.5309 104.0999 104.7631 105.7740 106.7150 107.5544 108.3499 110.8417 114.5753 118.4986 119.8506 120.5317 122.2463 125.2970 129.3287 133.2355
122.8923 123.8414 123.8216 123.1661 121.4829 119.5882 118.7404 118.9987 119.2665 119.2010 118.6213 118.1040 118.1127 117.5811 117.6958 118.3232 119.1536 120.2506 121.6409 123.9896 128.3345 132.4540 137.9925 141.6168 144.8742 146.3084 143.2787 141.1350 139.8491 139.5293 137.6136 136.4315 136.4462 133.5453 128.8785 124.3590 120.7244 119.0518 115.3495 109.9768 105.6020 104.0080 103.5714 103.5417 103.8936 104.5280 103.4470 103.5056 103.7116 104.0013 104.2290 105.8558 106.7547 107.7450 110.5209 113.6351 116.6866 118.2766 119.5748 123.5198 127.4474 131.6289 135.3836
122.6198 122.3833 122.6125 123.0271 121.0847 119.3216 118.6954 118.2901 118.4069 118.8830 118.5989 118.0762 117.7244 117.1906 117.4747 118.0756 118.6925 119.6716 121.2932 122.9302 126.6417 131.1040 136.2537 140.5344 143.9679 146.0461 145.0707 143.3338 142.4229 142.4198 141.6590 140.7074 138.3855 133.5767 130.2206 125.5920 122.3459 119.4577 114.7583 110.1395 106.3926 104.6026 103.9531 103.6001 103.9038 104.4799 103.7375 103.7299 103.7571 103.9607 104.3599 105.9141 106.5735 108.0408 109.8662 112.5862 114.6074 116.4006 120.5324 124.6026 128.8198 132.7476 135.3672
122.0861 122.2250 121.1156 121.6059 120.9080 119.4679 118.5952 117.9762 118.4648 119.3647 118.9416 118.6748 117.7263 117.2301 117.3209 117.6583 118.1942 119.2159 120.4425 122.2372 125.7759 130.0835 134.2474 138.3115 141.7721 144.0332 144.4476 143.2567 142.5121 142.4104 142.8622 141.7143 138.9040 133.3621 129.3718 125.6093 122.7982 117.9336 112.7769 108.5825 106.1666 105.1555 104.4295 104.2242 104.5277 105.3322 103.8588 103.9618 103.9279 104.0311 104.2186 105.8000 106.6611 107.6113 109.8143 111.6375 114.1134 117.2900 121.0103 124.4285 127.8290 130.3810 132.7877
120.6534 120.6494 120.5750 121.0557 120.8121 119.0726 118.0151 117.6531 118.8458 120.4245 120.1805 119.3882 118.4893 117.5814 117.2686 116.9779 117.7183 118.9050 119.8215 121.4702 124.3495 128.9071 132.2149 136.0542 139.1966 141.0343 141.4461 140.7598 140.0995 140.6080 142.1446 140.7968 137.7846 133.1957 128.4031 124.2033 119.7303 115.3467 111.4819 108.1456 106.3082 105.3016 104.6824 104.1586 104.6232 105.2063 103.9733 104.1272 104.1074 104.2294 104.5088 105.2497 106.3329 107.0541 110.3053 113.0494 114.1814 116.7957 119.9110 122.5516 124.1317 126.4319 128.9271
119.2736 119.1540 120.2553 120.9245 119.9098 118.2159 117.4712 117.2146 118.8737 121.2915 121.4723 120.4493 119.2183 117.9321 116.7458 116.6380 117.3399 118.1333 119.1108 120.5431 122.6603 126.3546 129.8736 132.8855 135.0433 136.8969 138.1096 137.4733 136.3325 137.0002 137.7884 138.5334 137.1462 132.9015 128.3199 123.9755 119.1410 116.7428 114.8728 112.3571 108.5780 105.4826 104.4461 104.1861 104.4894 105.9829 104.1085 104.2117 104.2814 105.1987 106.1156 106.8620 107.7491 108.5790 110.1819 111.3939 112.8682 115.1092 117.6878 119.4655 121.9337 124.1954 125.4389
118.9366 118.7496 119.1710 120.2009 120.0166 118.1336 117.3090 117.0052 117.7504 119.7859 119.4970 119.4574 118.3899 117.9852 116.4396 116.2503 116.7761 117.6918 118.9217 119.9353 121.9725 124.7179 126.9189 128.9723 130.8975 132.8989 134.2947 133.6350 133.2523 132.9678 133.1223 135.0350 135.5319 132.5779 127.7783 124.2860 121.8083 120.9027 119.4660 114.9531 110.0466 106.3354 104.9218 104.5742 104.4370 105.8374 104.1996 104.2890 104.9469 106.0619 106.7487 107.3027 109.4286 110.5317 110.9586 113.3427 114.6521 115.8856 118.0965 120.7957 122.9799 125.2682 127.4373
118.7814 118.9060 119.1916 120.1621 119.8061 118.2160 117.0200 116.3871 116.6390 117.3393 117.1357 116.4311 117.0455 116.9887 115.9034 116.0617 116.6052 117.3115 118.6649 120.2954 121.8866 123.1066 123.5289 125.5749 127.0830 128.6604 129.8342 129.8879 129.0552 128.9203 129.0517 130.6131 132.0789 131.7681 128.9910 128.5485 125.7718 124.3495 121.0905 115.9768 111.6781 107.0958 105.9686 105.2679 104.6119 104.9250 104.4672 104.4425 104.8733 105.6861 106.4332 108.6685 111.1006 113.5726 114.7515 116.5589 117.6486 119.6324 121.5425 124.7312 127.0788 129.3674 131.7003
119.2422 118.7425 118.7842 118.8441 119.4809 118.9640 117.1387 116.4620 115.9240 115.7658 115.6336 115.5480 115.7776 116.0618 115.3613 115.6774 116.0701 116.6792 117.6528 118.9641 119.7352 120.6573 121.5752 121.9491 123.0883 124.4584 126.1991 126.1397 125.4613 124.5253 125.6360 128.1217 129.3688 131.5516 132.3342 131.0879 128.2269 125.5821 122.2405 117.3961 114.3198 108.7560 106.4870 105.5963 104.9042 104.9821 104.3373 104.4839 104.8861 104.9099 105.2989 107.8757 111.0583 113.0981 116.5306 118.5829 120.1946 122.2364 124.4615 127.2671 130.4871 133.5106 136.3674
118.8213 118.5550 118.0607 117.8020 117.5537 117.6889 117.4899 116.2751 115.5364 115.3812 115.0103 114.8153 114.9376 115.6075 114.9167 115.4601 115.6738 116.4399 117.2502 118.0465 119.7986 121.4630 121.7417 120.7516 120.2567 121.2142 122.5319 122.8998 122.9834 121.9570 122.1813 123.5675 127.0513 130.1471 132.9622 132.1712 128.4090 124.8766 122.5219 118.2875 113.6812 110.3865 107.7303 105.7403 105.1582 105.8114 104.6829 104.7708 105.1659 104.9545 104.8470 106.1022 109.0340 112.0004 114.8644 118.0249 120.4564 123.6898 126.7935 130.2375 133.6749 137.5621 140.6380
119.6890 118.6155 117.6752 117.2192 116.9006 116.9284 116.8031 116.4779 115.5778 114.9711 114.7341 114.5465 114.2571 114.3484 114.4347 114.9686 115.5772 116.4479 118.1094 118.8165 121.0572 120.9528 120.0218 119.0578 118.4145 119.1717 119.5341 119.1807 120.5418 120.5285 120.1220 121.5284 124.6920 128.4745 132.2824 130.9573 126.4596 122.9093 120.4736 117.0850 112.9847 111.9517 109.5431 106.7911 105.3043 104.9880 104.9925 104.7366 104.7866 105.0953 105.1606 106.0943 108.7354 111.7746 115.5227 118.3632 121.0865 124.2978 127.8869 131.9212 135.6198 139.2225 142.9878
120.3119 119.2940 118.3294 117.3146 116.9463 116.6694 116.2084 115.7899 115.2282 114.8642 114.4749 114.2034 114.1073 114.0238 114.2097 114.7395 114.9692 116.4906 119.4040 120.1681 120.6912 118.6714 118.5952 117.7161 117.1241 117.7701 117.2771 116.9916 118.0559 118.2011 118.9499 120.2729 122.9417 127.0753 130.6191 129.2044 125.8745 121.8726 118.1294 117.8368 117.1536 115.5612 112.1568 107.2670 105.5323 106.0008 105.0203 105.0219 105.2405 105.3383 105.3998 105.4957 108.1576 111.5945 115.6432 119.2457 122.4928 125.8612 128.6368 131.8443 135.6733 139.5435 144.1891
120.8622 120.8172 119.1425 117.8699 117.1717 116.4333 115.9558 115.5711 115.1118 114.7884 114.3969 114.1757 113.9340 113.7651 113.8784 114.1269 114.6696 116.0525 119.0347 120.7262 119.7103 117.3927 116.7384 116.2250 115.7229 115.8392 115.4250 115.8901 116.8900 116.8888 117.5922 119.1308 121.7088 126.0525 129.6393 127.2187 124.5060 121.6414 121.5072 120.8940 119.1620 115.8747 112.5769 107.7168 105.4365 105.5755 105.4329 105.1844 105.3885 105.5136 105.5968 105.7563 106.3983 109.9279 113.6752 117.3817 120.8595 123.8139 126.9960 130.8283 134.9288 139.8320 145.1800
120.7211 120.1234 119.9403 119.0597 118.1013 116.7390 116.1088 115.7640 115.2848 114.8768 114.4912 113.9945 113.7162 113.6547 113.5412 113.8923 114.3630 115.1283 116.2682 117.1775 117.0020 117.5202 116.5994 114.5753 114.5362 114.3645 114.7016 115.2105 115.6158 116.0246 116.8635 118.5686 122.1481 126.3036 130.2094 129.0942 126.2467 124.7736 124.0507 122.0305 118.1289 114.3621 109.2063 106.4467 105.5156 105.4405 105.4284 105.2142 105.5980 105.8452 105.8802 106.0538 106.7204 108.6063 112.3380 115.9281 118.6809 122.8270 126.7557 130.8391 135.7964 141.1136 146.4190
121.1428 120.4028 119.4513 119.1960 118.4568 117.2869 116.5865 116.0344 115.6703 114.9086 114.4459 113.9726 113.7420 113.4805 113.2433 113.2941 113.3516 112.8333 113.1551 114.4383 114.4890 116.6609 116.3426 114.3909 114.0206 113.6135 113.8914 114.2853 114.5782 115.2647 116.9270 118.6160 121.7228 126.3267 130.6565 130.3224 128.2091 125.6345 122.7511 120.4473 116.3217 111.2080 106.9469 105.7467 105.7107 105.6016 105.6997 105.3752 105.8947 105.8789 106.0631 106.0889 106.8279 108.9710 112.0704 115.2780 118.0731 122.7085 126.6213 131.1708 136.6751 142.1565 147.5079
123.1549 122.0818 121.4635 119.8420 118.3899 118.4185 117.2609 116.4371 116.0418 115.1232 114.5727 114.0712 113.7439 113.2808 113.1621 112.8976 112.4190 111.8262 112.0322 112.1700 113.2278 114.5505 114.6965 113.7579 112.9319 112.8752 113.1331 113.2835 114.2430 114.6483 115.5002 117.4520 121.5987 126.2414 130.2857 129.9835 127.5766 123.6328 119.5519 117.9703 113.6401 109.5371 106.3376 105.8823 105.7744 105.8762 105.7051 105.6206 106.1345 105.9805 106.2645 106.2708 106.5203 109.0200 111.6430 113.5776 116.2507 121.2920 126.3380 131.1010 136.6105 141.5410 147.0313
125.3876 123.8093 121.4900 120.3907 118.7616 117.9654 117.7364 117.4941 116.7063 115.2692 114.7054 114.2332 114.0561 113.3200 113.0016 112.6013 112.0063 111.6868 111.6461 111.7868 112.3893 112.5170 112.1922 112.4368 112.5229 112.1771 112.4020 113.0396 113.7241 113.3429 114.4076 117.1243 121.3309 125.7299 128.1590 128.1021 125.1586 120.6912 116.7622 113.1775 110.1068 107.3559 106.0717 106.1251 106.0756 106.1594 106.0788 105.7281 106.0860 106.2419 106.3783 106.7029 107.3037 108.5479 110.3428 112.0904 114.5636 119.8534 125.1637 130.9848 136.2354 140.8422 146.0938
124.4282 124.4156 121.8923 120.6270 120.0354 119.2584 118.4355 117.5928 116.7102 115.9754 115.2091 114.9666 114.4124 113.7603 113.1254 112.5846 112.2616 111.8643 111.5660 111.4795 112.2268 112.3020 112.1313 112.0862 111.8349 111.6967 112.0629 112.4436 113.1269 112.9336 113.9275 116.5326 120.4085 124.4128 124.3829 123.9074 121.7378 117.2671 114.0358 110.0992 106.9034 106.3854 106.3330 106.4175 106.3791 106.3190 106.3161 106.0591 106.4252 106.5460 106.9448 107.6914 107.6261 108.2834 109.4860 110.8812 114.5154 119.5710 124.8467 130.3848 135.1667 139.0701 142.8465
123.5420 125.1048 123.3110 123.0816 123.3009 121.6837 121.0267 119.5658 117.8435 116.4596 115.8840 115.3574 114.9963 114.2409 113.3304 112.7538 112.3325 111.9167 111.5854 111.5298 112.0815 112.2593 112.0599 111.5768 111.3866 111.4736 111.4123 111.6519 111.8290 112.0567 113.0067 114.9522 118.7735 121.7818 121.4181 119.5564 118.3168 114.4969 110.8873 107.1995 106.6520 106.5682 106.4864 106.6358 106.4863 106.5819 106.2309 106.3114 106.8707 106.9036 107.2565 107.6022 108.0362 108.5714 109.3047 111.5609 115.2595 119.8093 124.3941 127.9304 132.4229 136.3359 139.8165
123.0715 125.8368 126.2555 128.8241 126.3050 125.0660 122.5582 120.3409 119.6275 117.6929 116.9615 115.4722 115.0839 114.5135 113.6025 113.0380 112.4170 111.8953 111.6884 111.4948 111.5995 111.5662 111.5199 111.2042 110.9842 111.1531 110.8129 110.5395 111.0002 111.1824 111.6058 113.0001 116.6587 119.9517 120.8726 117.3401 113.7840 111.8579 108.0662 106.9510 106.8665 106.6783 106.7009 106.6345 106.7469 106.7491 106.7187 106.5338 107.0150 107.1530 107.3760 107.8032 108.5170 108.9687 110.0116 111.6879 115.0589 119.1177 122.0496 125.5979 129.5623 133.5076 136.5281
122.0468 124.0048 127.0300 129.0203 128.2390 126.0552 124.1534 121.9114 119.5824 118.4341 117.6064 117.0097 116.0145 114.8145 113.9879 113.3679 112.8608 112.1190 111.8938 111.7471 111.6312 111.5344 111.5313 111.1489 110.7480 110.6525 110.2929 110.1420 110.2511 110.7213 110.6580 111.7613 114.0229 117.3994 119.9724 117.2109 113.0015 109.4947 107.9947 107.1873 106.9556 106.8722 106.7756 107.0147 107.1491 106.8871 106.7453 106.8295 107.3547 107.4846 107.6297 107.8042 108.7522 109.7597 111.0697 112.3111 115.2968 117.8854 120.9676 123.7726 126.8740 130.8042 133.5950
121.1073 122.5575 125.8442 128.4402 128.4425 126.6270 124.6495 122.5743 120.9176 120.0524 119.3702 118.5460 117.0173 116.6804 114.9509 114.1674 113.3668 112.8337 112.3075 112.2650 111.7381 111.6153 111.5113 111.3004 111.0111 110.5877 110.4388 110.1380 109.9899 109.9327 110.1129 110.8749 112.1976 114.7925 115.6510 114.5198 112.0100 108.4142 107.4664 107.3972 107.1423 106.8796 106.9712 107.3478 107.2879 107.2098 106.8229 107.6678 107.9969 108.2157 108.1573 108.3459 109.2674 111.2220 111.8039 112.4803 115.1605 116.9927 119.9215 122.5631 125.3391 128.0995 131.6151
119.8070 121.7183 124.7883 124.8727 124.7032 125.6441 123.0474 124.0380 122.2199 121.5420 120.9200 119.9651 118.2275 118.2618 116.2879 115.2748 114.4033 113.5437 112.8230 112.4817 111.4273 111.9527 111.8060 111.3647 111.0255 110.7612 110.4565 110.0429 109.8613 109.7679 109.7212 110.0048 111.8420 113.3502 113.3526 111.4626 108.9614 107.7485 107.3532 107.1377 107.3575 107.1975 107.4100 107.4986 107.4098 107.4467 106.9768 108.0260 109.1990 109.8517 108.9283 108.8884 109.7056 111.8265 112.4387 114.1842 116.4955 118.4329 120.7993 122.0602 124.8381 128.9625 131.4434
119.8607 119.3048 120.3658 121.3333 121.1472 121.7925 120.3566 120.4876 120.3804 120.7927 119.4183 118.9332 119.1345 119.5249 118.3667 116.4147 115.7122 114.2068 113.2359 112.8656 112.5695 112.0913 111.6456 111.3441 111.1247 110.7074 110.7056 110.2274 109.8184 109.6732 109.6683 109.6603 110.4583 111.4135 110.0703 108.3902 107.7911 107.9899 107.6198 107.5187 107.5035 107.3881 107.4360 107.5589 107.3543 107.1597 107.2892 108.6111 108.7376 109.4506 109.0419 109.2662 109.7723 112.3030 113.5507 115.8882 119.5645 121.4176 122.8832 126.1705 127.8730 130.4234 132.8006
119.8314 119.6499 119.0221 119.0178 118.8012 118.6830 118.8024 118.2810 118.5908 118.4498 117.6290 118.5927 117.7687 117.9866 117.7864 116.9489 115.4608 114.0276 113.7194 113.7982 113.4801 112.7409 112.0340 111.6921 111.1495 110.8338 110.7207 110.3877 110.2193 110.0571 109.8270 109.7394 109.3339 110.2764 109.2206 108.3928 108.2223 107.7735 108.1113 107.4782 107.8647 107.6766 107.8687 107.6842 107.5342 107.1950 107.4982 107.5884 108.4117 108.8818 109.4317 109.7748 110.1171 111.4929 114.4444 118.4569 122.4656 124.7690 128.0116 131.0284 131.7501 135.2401 137.1367
120.1425 119.6017 118.9549 118.6552 118.3341 118.0630 117.7129 117.7649 117.2889 117.5187 116.7416 116.5100 116.0092 115.8672 116.0560 115.2818 115.3995 114.4062 114.4577 114.2076 113.6745 113.3692 113.0073 112.5577 112.1354 111.6449 111.0934 110.6819 110.2207 110.0400 109.9313 109.8879 109.5848 109.1441 109.0549 108.9387 108.7549 108.0725 108.3179 107.9471 107.9062 107.9419 107.9445 107.9225 107.6560 107.4263 107.6874 107.5798 107.9959 109.6781 109.7125 110.0346 110.2948 111.3963 114.9182 118.8743 122.9633 126.7302 129.9846 132.5738 135.2561 138.2092 141.1475
