windows/stream/Debug/test_output_double_win64.asc
ncols 100
nrows 100
xllcorner 1.9252e+06
yllcorner 5.7735e+06
cellsize 8
NODATA_value -99999
[rows 56 to 83 of 100, columns 0 to 62 of 100]
125.3303 125.5827 124.6117 123.3526 122.8380 122.7788 122.2017 122.3234 122.4178 121.9779 121.4907 121.3052 121.1735 121.2485 120.2575 117.9782 117.6360 118.1280 121.6427 125.2471 129.5453 132.9187 136.2259 138.4222 139.1768 139.8503 140.4459 137.9528 133.6365 129.3617 126.9920 126.5120 125.8829 125.1527 125.2369 123.7789 121.8809 118.6324 114.2759 111.8054 110.6416 107.5223 104.9911 104.6785 104.9985 105.4865 104.1693 105.9176 106.0979 106.1933 107.4053 110.4503 114.3927 117.3261 117.4931 119.3596 123.0472 125.7810 127.2513 127.7833 128.6641 129.9733 131.9975
124.3619 127.0167 125.1311 123.5463 122.4611 121.9217 121.5677 121.6261 121.6850 121.6949 121.0436 120.7382 120.5040 120.4302 120.4496 119.4902 119.2903 119.8333 122.9425 126.1767 130.6998 134.5468 137.7458 141.7605 143.8208 144.0988 141.9772 137.9589 133.5792 131.9470 130.9343 130.3980 130.1424 129.7987 128.8052 125.8709 122.8990 119.1903 115.4175 113.3318 109.9169 106.1709 104.8899 104.9129 105.2350 105.4056 104.3211 105.9362 106.5078 107.0304 108.9398 111.6075 113.2272 113.5486 112.9288 116.7643 120.7129 123.1550 124.1709 124.7480 126.4654 128.9417 132.3462
123.6774 126.6640 125.4910 123.6433 122.4625 121.7533 121.0062 121.1960 121.6080 121.4811 120.9785 120.4799 119.9428 119.8510 120.0026 120.3895 120.8015 121.1906 122.9096 126.1319 130.5362 134.7206 138.7605 143.3576 146.2942 146.7619 143.2859 139.0669 136.8672 136.4861 135.1766 134.1019 134.5358 133.6457 130.5300 126.0651 122.5610 118.8855 116.5260 112.4717 108.0715 105.8906 105.0288 105.2217 105.6715 106.1131 104.4939 105.2981 105.9866 106.6398 107.5816 108.4622 109.2806 110.0196 112.3399 115.9646 119.9342 121.3403 121.8766 123.5269 126.6156 130.7859 134.7776
122.8923 125.6552 125.6847 125.0032 123.2976 121.4161 120.5464 120.7661 121.1309 121.0966 120.5079 119.9974 119.9941 119.4494 119.5974 120.2089 121.0234 122.0853 123.4136 125.6832 129.8582 134.0201 138.6609 143.2477 146.6308 148.0781 144.9434 142.7402 141.4132 141.1311 139.2345 138.0675 138.1655 135.0795 130.4345 125.9396 122.3740 120.5314 116.0047 111.3706 107.3003 105.8291 105.3715 105.3774 105.8083 106.3993 104.7303 104.9908 105.4639 105.8381 106.0859 107.3355 108.3816 109.3940 111.8967 114.9470 117.9388 119.3256 120.7671 124.9505 129.0282 133.1930 136.9973
122.6198 124.2440 124.4598 124.8608 122.9045 121.1986 120.5413 120.0789 120.2907 120.7871 120.4935 119.9668 119.5812 119.2048 119.3822 119.9553 120.5482 121.4879 123.0514 124.6616 128.1780 132.6062 137.2484 141.8920 145.6663 147.8293 146.8558 145.1258 144.2074 144.1797 143.3574 142.3899 139.8706 135.2628 131.7865 127.2152 123.9533 120.6619 116.2434 111.6505 108.0759 106.3827 105.7803 105.4974 105.7860 106.3647 105.0042 105.3257 105.4925 105.7553 106.1560 107.4132 108.2649 109.6026 111.2615 113.7111 115.7781 117.6855 122.0547 126.2149 130.4547 134.4230 137.0592
122.0861 124.0470 123.0060 123.4965 122.7528 121.3269 120.4618 119.7417 120.3554 121.2495 120.8364 120.5437 119.6123 119.1894 119.2245 119.5132 120.0141 121.0168 122.2202 123.9609 127.3407 131.6044 135.8162 139.9117 143.4366 145.7736 146.2219 145.0498 144.3119 144.2511 144.7170 143.4492 139.6170 134.9763 130.9573 127.1474 123.0808 118.7341 114.0890 110.0624 107.8567 106.9152 106.2625 105.9457 106.4278 107.1879 105.2603 105.8421 105.7745 105.8383 106.0338 107.1650 108.2325 109.1903 111.1002 112.9056 115.3573 118.9317 122.6614 126.1234 129.5019 131.9760 134.3518
120.6534 122.4300 122.4167 122.9448 122.6396 120.9179 119.8938 119.3844 120.7030 122.2773 122.0489 121.2518 120.3638 119.4695 119.0411 118.8242 119.5426 120.6947 121.6025 123.2136 125.9829 130.4269 133.7834 137.6445 140.8118 142.6878 143.1589 142.4540 141.7296 142.2820 143.8453 142.5465 139.2043 134.5599 129.9169 125.6243 121.0651 116.4991 112.6359 109.6509 108.0253 107.1189 106.5500 106.1203 106.5378 107.0727 105.4785 106.0179 106.0033 106.1036 106.2863 106.7957 107.6494 108.5101 111.0604 114.5369 115.6990 118.3062 121.5712 124.1940 125.7431 128.0277 130.4888
119.2736 120.9367 122.1056 122.7984 121.7268 120.0825 119.3151 119.0059 120.7080 123.1035 123.3100 122.3100 121.0834 119.7917 118.5854 118.4448 119.1644 119.9243 120.9034 122.3005 124.3614 127.9307 131.4913 134.4743 136.6242 138.4917 139.7554 139.0772 137.9468 138.5846 139.3190 140.2371 138.8209 134.4437 129.7991 125.1497 120.5752 117.9916 116.0303 113.8907 110.2391 107.2701 106.3389 106.1564 106.4068 107.8215 105.6611 106.0584 106.2026 107.0588 107.9098 108.6202 109.3672 109.9171 111.1864 112.5587 114.0187 116.0442 118.4817 120.4822 122.7708 125.0431 126.7124
118.9366 120.5539 121.0699 122.0829 121.8496 120.0012 119.1499 118.6460 119.6086 121.5866 121.2921 121.2231 120.2394 119.8314 118.2288 118.0764 118.6208 119.4893 120.7007 121.7424 123.7036 126.4035 128.5484 130.5488 132.4678 134.4587 135.8635 135.2013 134.7395 134.4739 134.6764 136.6608 137.2612 134.0146 129.3719 125.7527 123.2874 122.4597 120.4558 116.2462 111.6225 108.1105 106.7790 106.4521 106.3370 107.6888 105.8346 105.9712 106.8325 107.9206 108.6075 109.1633 111.2040 112.2607 112.5662 114.9249 116.0394 117.0751 119.2679 121.9634 124.2253 126.7307 128.8180
118.7814 120.7331 121.1032 122.0331 121.6551 120.0674 118.8825 118.1558 118.3693 119.1692 118.9635 118.2891 118.8950 118.8506 117.6303 117.8326 118.4480 119.1348 120.4518 122.0831 123.6625 124.8391 125.2497 127.1467 128.6118 130.1934 131.4171 131.4437 130.5645 130.3379 130.5996 132.2416 133.8317 133.5339 130.6498 129.8582 127.4097 126.0201 122.1695 117.5272 113.1680 108.8350 107.7511 107.0986 106.5051 106.8300 106.3182 106.0340 106.6726 107.5601 108.2750 110.4370 112.8546 115.3130 116.3856 118.1588 119.2686 121.1512 123.0205 125.8472 128.5424 130.7991 133.1741
119.2422 120.6206 120.6751 120.7119 121.3149 120.8008 119.0249 118.3232 117.6547 117.5594 117.4969 117.4097 117.6439 117.9432 117.0904 117.4504 117.9323 118.5038 119.4575 120.7448 121.5124 122.4683 123.4091 123.7388 124.7011 126.0444 127.7846 127.7246 127.0838 126.0728 127.1311 129.6494 130.9761 133.3083 134.0971 132.8078 129.9916 127.2850 123.6228 118.9862 114.9149 110.3465 108.2529 107.4168 106.7825 106.8650 106.2169 106.2173 106.6945 106.8193 107.1899 109.5810 112.7072 114.7701 118.2008 120.2968 121.9069 123.8662 126.0587 128.8074 132.0318 135.0444 137.3648
118.8213 120.4267 119.9488 119.6828 119.4380 119.5807 119.3587 118.1450 117.3217 117.1183 116.8428 116.6783 116.8072 117.4696 116.6292 117.2553 117.5095 118.2448 119.0364 119.8504 121.5521 123.3052 123.5735 122.4720 121.9213 122.9140 124.1559 124.4215 124.5879 123.6484 123.8051 125.2022 128.6432 131.8319 134.7391 133.8981 130.0918 126.5771 124.1562 119.7723 115.1260 111.7453 109.3104 107.5751 107.0521 107.6859 106.3077 106.5878 107.0767 106.8562 106.8448 107.8756 110.5718 113.5452 116.4155 119.5822 122.1178 125.3118 128.4336 131.8120 135.2247 138.5955 141.6091
119.6890 120.4916 119.5686 119.1137 118.8074 118.8245 118.6908 118.3603 117.4572 116.7605 116.5141 116.3773 116.1461 116.1576 116.2458 116.7892 117.4165 118.2540 119.9204 120.6591 122.8797 122.7649 121.8304 120.8163 120.1210 120.9268 121.2180 120.8132 122.1568 122.1117 121.7909 123.2201 126.3321 130.1359 134.0217 132.6374 128.1204 124.5319 122.0445 118.2463 114.5025 113.4236 111.1458 108.5635 107.1979 106.8634 106.8779 106.4456 106.6316 106.9315 107.0200 107.9048 110.3255 113.3194 117.0244 119.9667 122.7202 125.8912 129.4685 133.5023 137.2363 140.8496 144.6145
120.3119 121.1663 120.1954 119.2115 118.8320 118.5042 118.0667 117.6404 117.0968 116.7058 116.2914 116.0386 115.9402 115.8320 116.0322 116.5871 116.8221 118.3175 121.1794 122.0257 122.5090 120.4979 120.3813 119.4508 118.7992 119.4687 118.9654 118.7453 119.7773 119.8663 120.6088 121.9742 124.6195 128.7173 132.3641 130.9363 127.4935 123.3999 119.8752 119.2965 118.7641 117.2279 113.5404 109.0532 107.4313 107.8843 106.7090 106.5733 107.0638 107.1509 107.2537 107.3660 109.7728 113.1381 117.1762 120.8181 124.1005 127.4742 130.2230 133.4193 137.2289 141.1223 145.7520
120.8622 122.6666 120.9938 119.7420 119.0293 118.2858 117.7996 117.3888 116.9585 116.6206 116.2447 115.9872 115.7437 115.5847 115.6858 115.9865 116.5477 117.8954 120.8000 122.4861 121.4933 119.2661 118.4936 117.9254 117.4502 117.5555 117.2142 117.6738 118.6296 118.6144 119.3084 120.8667 123.3902 127.6746 131.3833 128.9538 126.1459 123.2652 123.1955 122.6353 120.8613 117.4010 113.9853 109.4871 107.3628 107.4881 106.9337 106.7365 107.2301 107.3781 107.4585 107.6244 108.2197 111.3938 115.1194 118.8550 122.3482 125.2400 128.4758 132.2626 136.3621 141.0027 145.6462
120.7211 122.0102 121.7928 120.8805 119.9174 118.5980 117.9761 117.6080 117.1303 116.7292 116.3232 115.8386 115.5523 115.3908 115.2802 115.7477 116.2106 116.9064 118.0036 118.9328 118.7491 119.3391 118.3743 116.4271 116.3511 116.1288 116.4713 116.9835 117.3160 117.7046 118.6119 120.3092 123.7897 127.9608 131.9453 130.8428 127.9340 126.4935 125.8306 123.7184 119.3227 115.0718 110.8967 108.2965 107.3370 107.1751 107.0680 106.9231 107.3775 107.7097 107.7021 107.9176 108.5436 110.2169 113.6767 117.2726 120.1297 124.1194 128.1462 132.2649 136.8948 141.5372 146.1798
121.1428 122.2739 121.3618 121.0614 120.2889 119.1079 118.4403 117.8798 117.4862 116.7649 116.2946 115.8557 115.5902 115.2514 114.9168 114.9892 115.1899 114.6708 114.9931 116.1915 116.2767 118.4627 118.1668 116.1878 115.7221 115.3474 115.6602 116.0000 116.2666 117.0396 118.7003 120.3524 123.3999 127.9590 132.3744 132.1122 129.9321 127.3031 124.3907 121.7777 117.3988 112.7577 108.7496 107.5327 107.4116 107.3682 107.6028 107.0984 107.6822 107.7298 107.9302 107.9556 108.6491 110.5875 113.5369 116.7183 119.5403 124.0692 128.0735 132.6127 137.2538 141.8955 146.5374
123.1549 123.9088 123.2864 121.6632 120.2276 120.2564 119.0506 118.2837 117.8731 116.9890 116.4285 115.9364 115.5687 115.1258 114.8446 114.3653 114.0616 113.6931 113.9272 114.0615 115.0682 116.3644 116.4856 115.5533 114.7355 114.6113 114.8821 115.0275 115.9908 116.3961 117.2615 119.1689 123.2061 127.8477 132.0143 131.6913 128.3560 124.7116 121.0914 118.2007 115.2133 111.1921 108.2176 107.5979 107.5734 107.7580 107.5859 107.2835 107.9874 107.8705 108.1294 108.1328 108.3639 110.6080 113.2134 115.1485 117.7322 122.1817 126.8239 131.4663 136.1083 140.7505 145.3929
125.3876 125.6263 123.3441 122.1759 120.5846 119.8129 119.5524 119.3385 118.5144 117.1252 116.5624 116.1004 115.8921 115.1840 114.7517 114.1981 113.7353 113.5804 113.5584 113.7012 114.2802 114.4304 114.1182 114.3082 114.3277 113.9480 114.1672 114.8388 115.5535 115.1917 116.2040 118.8154 122.9535 127.3949 129.8854 129.1553 125.3494 121.7880 118.1436 114.6467 111.7239 109.1630 107.7928 107.8358 107.9202 108.0413 107.9572 107.4604 107.8685 108.0954 108.2310 108.4786 108.9890 110.2291 111.9547 113.6754 116.0310 120.3906 125.0316 129.6751 134.3183 138.9617 143.6053
124.4282 126.2235 123.7206 122.4119 121.8166 121.0698 120.2901 119.4376 118.5259 117.8005 117.0471 116.8188 116.2578 115.6147 114.9778 114.4021 114.0713 113.7150 113.5350 113.5355 114.1232 114.2281 114.0198 113.9443 113.6524 113.5292 113.8186 114.2642 114.9052 114.6885 115.7216 118.2489 122.0655 126.1134 126.0987 125.5591 122.5883 118.7826 115.2224 111.6712 108.7578 108.1072 107.9511 108.2474 108.2416 108.2120 108.2228 107.6810 108.1552 108.3404 108.7396 109.4635 109.3034 109.9916 111.1497 112.5126 115.8802 120.4207 125.0632 129.7074 134.3507 138.9942 143.6377
123.5420 126.8819 125.1073 124.8332 125.0131 123.4278 122.7736 121.3353 119.6458 118.2886 117.7345 117.2185 116.8302 116.0627 115.1869 114.6227 114.1969 113.7954 113.5361 113.5238 113.9886 114.1600 113.9491 113.4299 113.1833 113.2602 113.1549 113.4063 113.5976 113.8334 114.8051 116.6782 120.4091 123.4911 123.1487 121.1335 119.8928 116.0234 112.4326 109.0570 108.5036 108.2815 108.1400 108.5384 108.3804 108.4808 108.0188 107.9881 108.6061 108.6613 109.0432 109.4045 109.8008 110.2548 111.0113 113.1405 116.7266 121.2287 125.8718 129.4549 133.6621 137.6302 141.3639
123.0715 127.5504 128.0200 129.4096 128.0387 126.7812 124.3240 122.1203 121.3992 119.4825 118.7325 117.3536 116.9395 116.3371 115.4533 114.8833 114.2714 113.7944 113.6062 113.5324 113.4807 113.4189 113.2475 112.9283 112.7449 112.9338 112.5835 112.3503 112.8015 113.0073 113.4206 114.7769 118.3079 121.6197 122.6107 118.9466 115.3638 113.3912 109.8597 108.8302 108.6994 108.3950 108.4008 108.4897 108.6647 108.6593 108.4789 108.2282 108.7743 108.9562 109.1499 109.6273 110.2627 110.6612 111.5882 113.1969 116.4255 120.5270 123.5994 127.1258 131.0670 134.8627 138.0598
122.0468 125.7034 128.7872 130.8439 130.0574 127.8386 125.9046 123.6686 121.3815 120.2495 119.3880 118.8165 117.8406 116.6510 115.8411 115.2207 114.7100 114.0080 113.7914 113.6557 113.5422 113.3565 113.1099 112.7453 112.4764 112.2787 112.0714 111.9572 112.1168 112.5516 112.5098 113.5824 115.7693 119.0929 121.6854 118.8906 114.6004 111.2372 109.8402 109.0225 108.7038 108.5639 108.5997 108.9240 109.0622 108.8083 108.5001 108.7066 109.1759 109.2966 109.4135 109.6164 110.4647 111.3824 112.4730 113.6991 116.3826 119.1425 122.2955 125.1957 128.2977 132.2210 135.0516
121.1073 124.2653 127.5734 130.1940 130.1888 128.4194 126.4571 124.3635 122.7196 121.8646 121.1869 120.3652 118.8211 118.4680 116.7914 116.0190 115.2189 114.7049 114.1559 114.0911 113.6156 113.4199 113.2128 113.0078 112.7451 112.3390 112.1472 111.8844 111.7722 111.8141 111.9875 112.7227 114.0010 116.5588 117.4043 116.2050 113.6885 110.2446 109.2670 109.2786 108.7793 108.7151 108.8790 109.2602 109.2078 109.1202 108.6400 109.5444 109.8650 110.0039 109.8807 110.0881 111.0430 112.8654 113.3524 114.0242 116.1402 118.1173 120.7556 123.6282 126.4464 129.1599 132.6354
119.8070 123.4222 126.4684 126.5854 126.4003 127.3616 124.7946 125.7906 124.0560 123.3980 122.7691 121.7911 120.0787 120.0666 118.1188 117.1092 116.2545 115.4134 114.5882 114.0046 113.5235 113.8372 113.6996 113.2082 112.8499 112.5981 112.1821 111.8420 111.6753 111.6014 111.5905 111.8871 113.6508 115.1416 115.0621 113.1695 110.7840 109.2437 109.0651 108.9414 109.2478 109.0710 109.3177 109.4158 109.3347 109.3579 108.7711 109.8766 111.0721 111.7053 110.5859 110.6000 111.5290 113.5540 114.2503 115.7981 117.8580 119.7179 121.9385 123.3886 125.8888 129.7711 132.5599
119.8607 121.1712 122.2012 123.0972 122.8955 123.5094 122.1642 122.2677 122.2018 122.5987 121.2396 120.8120 120.9986 121.3478 120.1888 118.2635 117.5582 116.0686 114.7856 114.2789 114.2810 113.9559 113.5268 113.2275 112.9731 112.5687 112.5661 112.0444 111.6733 111.5484 111.4318 111.2635 112.3091 113.2510 111.8740 110.2583 109.4842 109.8289 109.3651 109.3733 109.4038 109.2964 109.3536 109.4831 109.2703 108.9662 109.0890 110.4703 110.5945 111.3468 110.8782 111.0258 111.5887 114.0250 115.3416 117.5933 121.1763 123.0142 124.4582 127.6434 129.1996 131.7370 134.3934
119.8314 121.5160 120.9361 120.9112 120.6863 120.5580 120.6519 120.1457 120.4264 120.2954 119.4817 120.3977 119.5784 119.8074 119.6261 118.7928 117.3004 115.6287 115.1411 115.5754 115.3122 114.5666 113.8853 113.5312 113.0122 112.7342 112.5830 112.2361 112.0910 111.9351 111.7138 111.5957 110.9759 112.1401 111.0799 109.8005 109.9417 109.6212 110.0124 109.4349 109.7747 109.5760 109.7774 109.6041 109.4428 109.0659 109.3041 109.4326 110.0913 110.5194 111.0959 111.4566 111.8706 113.2772 116.1164 120.0753 124.0517 126.4131 129.0805 130.9665 133.3151 135.7707 138.3099
120.1425 121.4896 120.8605 120.5349 120.2070 119.9239 119.6808 119.5873 119.1410 119.3959 118.5624 118.2655 117.9239 117.8699 117.9409 117.1210 117.1573 115.8796 116.1744 116.0755 115.5262 115.1798 114.8006 114.3209 113.9033 113.4536 112.9358 112.5311 112.1185 111.9422 111.8392 111.7698 111.4450 110.6148 110.2589 110.6850 110.5579 109.9333 110.2032 109.8432 109.8097 109.8524 109.8669 109.8415 109.5483 109.2168 109.5727 109.4740 109.7772 111.4723 111.4570 111.7451 111.9929 113.1451 116.5362 120.4790 124.5819 128.3936 131.6570 134.2404 136.8717 139.7913 142.3372
