putauaki_8m.txt
ncols         538
nrows         500
xllcorner     1925200
yllcorner     5773500
cellsize      8
NODATA_value  -9999
[rows 112 to 139 of 500, columns 315 to 377 of 538]
442.0178 442.2379 443.3911 443.356 443.8064 443.773 443.9812 441.715 440.0389 437.3709 431.2699 425.6365 423.7276 421.9289 416.7711 409.2318 405.3118 407.5013 407.1775 402.0742 395.3875 386.1472 380.5225 376.0103 371.549 366.2875 362.2922 357.5419 353.1545 346.7142 341.9465 337.2498 334.0774 330.252 326.5555 322.1763 316.9454 312.6621 309.4937 306.259 303.9776 299.9114 296.1465 293.2498 290.6121 286.3262 280.9708 276.8816 271.5728 269.2991 266.2863 262.4137 264.1429 262.2245 260.5085 256.02 254.216 253.13 251.7818 249.4508 246.8053 244.8049 242.486
449.0582 449.7127 449.8393 451.0057 450.4788 449.4698 449.3408 448.1568 445.9974 443.068 436.8362 431.853 429.5733 425.3338 418.2262 413.1882 410.4297 414.1572 413.6826 408.6276 396.511 389.1323 383.812 379.9548 375.3833 369.8772 364.4214 359.0161 354.8798 350.0221 345.0652 341.9552 337.8418 333.1674 329.0303 324.6773 320.8484 317.1456 314.6474 311.3715 307.7074 303.835 301.3877 297.014 293.261 287.4387 283.0039 279.7387 276.5659 271.8841 268.1509 267.6149 268.3917 267.1288 263.2681 259.2354 257.2856 257.4426 255.431 252.6026 250.4973 248.2215 246.4266
455.6358 456.2204 456.6455 457.3504 457.3688 456.2303 456.0857 454.4878 452.8081 449.7029 444.0323 439.0627 435.7724 428.3432 424.4748 419.1383 416.1215 419.5975 417.4204 410.4376 401.7174 392.0993 387.9467 382.63 376.7626 372.8669 367.6384 363.1898 358.2116 353.755 349.5415 345.6955 341.9495 336.8691 331.9476 328.6039 325.9395 323.1008 321.2444 313.5357 310.8173 308.131 304.6472 300.107 294.367 288.4896 284.9192 282.5494 279.1293 274.6971 272.7843 273.6022 273.3254 270.6698 265.6923 262.6578 261.8924 261.4233 259.3727 256.3392 254.6454 252.1056 250.6361
461.4051 461.9264 462.8215 463.5087 464.1751 463.3839 462.3602 460.7067 458.9027 457.1815 450.9565 446.851 441.1963 435.0853 429.1511 425.004 422.8429 424.4846 420.1878 413.0468 404.4183 396.8279 391.2488 385.2702 380.2173 376.8012 371.8362 365.9287 362.16 358.7477 354.6218 349.3737 344.5142 340.2968 336.7095 331.7477 329.7878 326.4183 324.7903 319.6092 314.9993 311.7218 307.1453 300.5416 295.5096 291.6436 288.0388 284.2649 280.0468 279.7148 280.9828 279.8082 277.694 273.4158 269.3094 268.4402 267.3386 265.9161 264.4903 262.2549 258.7394 257.0003 254.9069
467.4708 468.1393 469.4722 469.6332 470.0236 469.3705 468.9296 467.8778 466.4965 463.2402 456.1707 452.9013 448.1049 441.9465 435.6898 431.1152 428.9737 427.2201 417.7962 410.9344 405.0904 398.8053 394.8009 390.5462 385.4976 379.6855 375.623 371.6224 367.0353 362.7511 358.0726 352.6625 347.2404 344.4435 341.0629 337.5843 333.0868 329.2523 325.9103 322.455 318.7352 313.1963 307.1407 301.5483 296.352 294.9515 288.391 285.3264 284.3262 287.6122 286.8855 284.328 280.8691 277.511 272.9409 272.3035 271.8556 269.8957 267.2026 264.5573 262.3328 260.1368 256.2137
474.8935 475.163 475.6023 475.9388 475.9794 475.7274 475.3318 473.833 471.671 467.3686 462.6898 459.338 455.3795 448.7464 442.2312 437.3932 431.4537 424.7249 418.5613 412.1982 408.7478 403.4621 399.1827 394.389 388.6113 383.3248 380.0179 376.0268 371.1652 364.94 359.9907 355.0447 351.4714 349.0811 344.965 340.9737 338.1439 333.9501 330.2219 326.3184 320.6809 313.9218 307.5005 302.3371 300.905 297.1789 290.8978 290.3898 293.191 292.5522 290.2013 287.8088 283.6909 280.6475 277.2804 278.5813 277.416 274.2845 271.854 269.6391 265.7247 263.7796 259.9584
482.0889 481.9363 482.541 482.4641 481.0046 481.056 481.5273 479.7998 477.4444 473.8487 469.1492 465.2462 460.1149 454.7298 447.4916 439.8842 433.2849 425.8377 419.5489 417.0399 412.7238 408.0582 402.1019 396.425 391.8439 387.9406 384.0847 379.5067 374.3104 367.4164 362.8123 359.4233 356.8604 352.409 348.6291 345.5496 341.6274 338.2962 333.7967 327.9719 320.3841 313.7564 309.1823 306.2627 303.5269 298.7413 294.6308 297.8208 298.6582 297.0287 293.7198 289.6801 285.4858 283.494 283.2954 282.6337 279.9316 277.6898 275.9117 273.7864 270.8024 267.2437 266.3393
489.4944 489.0692 488.6517 487.8024 487.7219 486.2719 485.2142 484.4049 482.3981 479.2784 475.857 470.1169 465.472 458.7883 451.3106 442.6629 436.6843 429.62 424.5125 423.6802 418.2816 411.5769 405.0167 401.2078 396.9182 392.1953 386.6684 380.9513 377.0715 372.0401 368.3088 364.5294 359.9686 355.6516 353.4305 350.7797 346.3331 339.8855 333.1592 328.4041 322.3155 316.5338 311.9456 309.9969 305.5533 299.112 300.5905 304.638 303.1831 300.627 296.6022 291.9008 288.795 287.5604 287.5912 286.1422 283.5266 280.9395 278.2866 276.4417 274.0807 271.4024 269.7996
495.898 495.3168 495.0435 494.01 492.7495 490.6113 490.6483 489.2272 487.2249 483.6523 479.8082 475.0814 468.9278 461.446 455.1671 447.1264 438.9682 433.0539 431.1582 430.377 424.2172 415.6584 410.3369 405.7842 400.6254 394.5115 388.958 382.8181 379.2037 375.2972 371.6157 367.8598 364.0308 361.5031 357.3466 353.1494 348.6936 343.2446 334.9764 330.075 325.1785 318.6474 315.4597 311.4225 304.8176 304.2192 308.2861 309.7794 308.5921 304.2675 300.6808 296.0077 291.9146 293.8864 293.4315 289.9396 287.0829 284.7057 282.907 281.8962 278.657 275.9743 271.9442
503.1151 502.5533 502.1671 501.0669 498.2136 496.5499 495.332 492.9901 490.5693 486.569 483.8253 478.3955 472.2502 464.8305 458.7407 450.1791 442.9679 439.7706 438.3886 432.9918 425.9583 419.0994 414.0257 408.7094 402.9875 398.0653 391.777 387.0034 382.6966 379.7505 373.3752 371.5674 369.2026 365.4163 361.9579 356.2727 350.0327 343.1507 338.8903 333.3834 326.9515 322.0054 318.5786 314.2303 307.7268 310.0143 313.8481 314.475 311.2125 309.1357 304.4008 299.1738 297.3735 299.1158 297.6017 293.4049 290.6884 288.8161 286.6972 284.6482 282.166 277.5251 274.1129
507.7233 508.1156 508.2663 506.3305 502.9079 501.9366 499.0031 496.9455 493.976 490.7557 486.3834 482.5638 476.3821 469.0479 462.0317 455.2902 448.4457 445.9135 440.6942 434.2493 427.4863 422.2887 417.1974 411.9935 405.1891 399.3882 395.3161 390.6437 386.8795 382.615 378.6336 376.8026 373.6906 369.757 364.0792 357.0464 352.4681 348.2946 342.4464 336.1377 330.335 325.0217 323.204 317.0537 311.1494 316.4051 318.4285 317.693 316.9248 314.1678 308.2717 303.8823 301.8055 303.0627 299.8076 298.1938 294.2188 293.1312 289.9959 288.2823 284.2236 279.8265 275.7282
512.0258 512.2144 512.2186 509.9737 507.3396 505.1891 502.2159 500.5519 495.8564 493.3385 490.3561 484.8575 477.4801 471.8434 466.0008 459.5559 454.829 451.4964 444.0641 437.9212 432.6343 428.3576 419.78 412.9096 407.6513 402.3072 398.4234 394.6315 389.4201 386.5956 383.9197 381.5147 377.7599 374.9343 366.7346 360.8278 356.189 350.4806 344.27 338.8134 333.7105 329.183 325.5754 318.8663 316.4283 321.7864 325.3173 324.409 322.1969 316.2484 310.1875 306.9889 307.9288 307.0594 304.6867 300.1446 297.8254 296.9902 294.6224 291.2012 285.1213 281.205 279.962
518.1377 517.1878 516.2427 514.0768 511.2608 508.7565 506.7259 504.1294 501.7036 497.8677 492.7776 486.9837 478.9778 473.8667 469.1189 464.9183 459.5294 454.3906 447.5472 441.8462 435.9289 429.1105 421.6617 415.9897 411.183 407.2064 403.5012 397.8783 392.6812 390.6937 389.1047 386.0936 381.6523 377.3696 369.9205 365.5456 359.8176 353.4464 346.2998 341.0891 336.8533 332.8356 328.3597 321.6785 321.0024 329.4482 329.8441 328.2853 324.3466 317.6703 313.6275 310.3354 312.1409 311.3022 307.1038 304.4575 303.1225 300.1852 296.6351 291.0695 286.4544 285.1576 284.3011
522.754 520.6182 519.6912 518.2545 514.2257 513.3133 510.5356 507.5297 505.2375 501.7927 495.8326 489.2748 481.607 476.0183 472.4458 468.271 462.4626 456.5805 450.4959 444.245 436.3755 430.6113 425.1073 420.1361 416.3903 410.7504 405.2398 400.7454 397.7573 397.8218 393.8523 389.8365 385.4309 380.3133 374.9744 369.1915 361.4682 356.3756 349.0261 344.7542 340.6312 337.5206 330.6806 324.6988 327.3517 336.8309 334.1872 331.7516 327.1348 320.8036 317.4968 317.3866 317.9005 314.7214 310.1682 307.6339 306.8317 303.8562 296.8988 292.6538 290.3257 289.0923 286.2502
526.8436 523.9312 523.1483 522.1459 520.3838 517.1928 514.4872 511.5235 507.3958 503.7163 497.7798 491.0508 483.6244 479.5473 475.3628 469.9369 463.9139 458.2989 452.8434 446.3796 439.1246 433.6969 428.8085 423.98 418.8481 412.182 408.6032 404.8979 403.3967 401.6504 397.5121 394.5741 389.4236 385.3674 381.6197 373.2276 364.6315 358.0302 353.0444 346.9157 343.5595 340.7809 334.2883 328.5094 332.156 339.8197 339.5065 335.3181 328.7957 324.01 322.057 322.8385 322.4754 317.2598 314.643 313.5567 309.2616 302.5802 298.8814 297.0962 296.1813 293.6475 288.9641
529.998 528.0044 527.6066 526.9855 524.206 521.8128 518.8492 515.8818 511.1066 506.0567 500.3478 493.5903 485.7081 481.3875 478.304 471.5518 465.6355 459.679 455.0012 449.0601 442.8113 436.893 432.0323 428.238 421.5024 417.1283 412.938 411.2285 408.5445 405.4514 401.4177 396.975 394.1739 390.6755 385.1719 376.9715 368.2721 361.7265 356.5905 353.0212 347.4105 345.3465 340.7899 333.0856 338.0419 344.6545 343.3569 336.9883 333.1315 329.7625 327.3811 328.3983 325.3828 320.8404 320.4176 316.4902 310.2475 305.4114 302.6778 301.9887 301.3855 297.2341 292.4894
535.0427 532.2219 531.3834 530.9819 529.6725 526.5572 522.7732 519.4429 515.0534 508.1938 501.6453 495.2224 488.9267 484.7217 480.3098 473.9908 468.521 462.9504 457.4187 451.7751 446.1149 440.619 435.9506 431.3271 425.6585 420.9194 417.9163 415.8661 412.7146 409.4342 405.2993 401.8814 399.4945 397.7579 388.853 377.8614 369.6216 364.4595 360.1869 354.8746 350.8144 348.5934 344.0605 338.0483 342.8368 349.3039 345.7466 340.8747 335.5768 332.968 333.2423 332.7284 328.9133 326.2281 323.4598 317.6628 314.0285 309.1167 308.1294 308.0182 306.7712 301.1612 296.273
538.1726 535.6301 534.4141 534.6984 533.2805 529.2972 525.7105 522.1431 517.7347 509.7341 501.2914 495.4038 491.5646 487.2175 482.4691 476.6146 470.8597 465.7137 460.4122 455.818 449.7695 445.0186 440.0237 435.8058 430.5595 426.3035 423.5646 420.4771 417.0645 413.5375 409.9361 407.2059 404.0246 398.4398 390.0664 380.7912 373.0886 367.7755 362.2633 359.1603 355.5124 353.4269 345.8307 341.5679 349.2791 354.1403 348.0645 343.5313 340.2282 337.0317 337.6134 336.7495 333.8808 330.3091 324.8314 319.0112 315.7227 313.4763 313.7794 314.17 310.0056 304.003 302.4615
542.0686 539.727 538.2001 538.2681 537.1373 533.1512 529.2172 525.526 519.6522 512.6622 504.3722 498.828 494.5566 489.4448 485.8267 480.1058 474.3152 468.3423 463.2762 459.4003 454.6479 448.4568 444.1865 439.5071 434.6317 431.2538 429.6205 424.6156 421.3195 417.5487 414.7564 412.8915 407.0223 400.5226 393.8846 386.2479 376.887 371.3407 366.6003 362.86 361.2034 357.4232 349.4347 349.1576 355.493 357.8484 351.5052 346.6476 344.038 341.8636 342.8694 340.8025 338.2713 331.6811 326.6896 322.3716 319.6846 318.9464 319.7547 317.6393 311.8506 309.0504 308.489
546.2385 544.8365 542.2283 540.9019 539.1712 536.8215 532.1215 526.6581 520.8237 511.9396 506.7738 501.7292 497.0434 493.3584 488.4731 482.7269 476.7926 472.4075 468.0151 462.3662 457.2914 452.575 449.1436 444.4398 438.7106 435.9156 432.6609 429.5752 425.3569 422.0556 420.0827 417.6523 408.5139 403.0307 397.3651 388.7039 379.6498 375.6691 372.3606 368.6114 365.3137 359.9256 353.433 355.2725 363.4953 361.0643 355.1924 351.5697 347.9399 348.0025 348.1723 345.4376 339.0979 333.2624 329.6176 326.006 323.8793 324.7299 323.7859 320.419 317.7844 316.9392 314.6755
550.8329 548.7532 545.8445 544.2289 542.8801 540.0502 534.6727 527.6678 519.9477 514.8026 508.7542 503.8939 499.8142 496.2984 490.7737 485.4811 479.435 475.5174 470.495 465.3917 459.9863 456.7255 452.9868 447.9084 445.9369 440.604 438.0724 433.9234 431.3398 427.3904 425.6878 418.2772 413.8668 406.576 401.4083 393.4773 385.7905 380.2093 375.2767 371.8619 369.1483 363.8197 357.3832 361.1421 366.2634 362.5429 358.1372 354.4901 351.9852 355.0516 352.4746 347.0041 341.9179 336.1877 333.0633 329.8551 329.5384 330.5817 327.8246 324.2092 322.2545 321.683 321.6767
554.6039 551.7322 548.6375 547.3503 546.484 543.3522 537.633 529.8851 523.1923 516.2774 510.8963 506.8145 503.7262 498.9716 492.5975 488.2216 482.7849 478.6756 473.4621 468.2664 464.771 461.6589 456.5085 451.7717 447.5776 446.7068 442.0931 440.2002 435.8849 433.0577 429.2623 420.7237 415.9486 411.1503 405.4666 397.0472 390.709 383.7779 379.2763 375.6835 373.0768 365.1784 361.5045 365.561 369.6557 365.1627 361.3445 359.5947 357.4601 359.4832 355.9383 348.4269 343.3092 339.1141 336.7755 334.9566 335.0392 333.2048 329.6731 329.2159 328.451 329.5926 330.1288
558.7374 556.8071 553.0522 550.4389 549.5 545.4177 539.082 531.9261 525.6191 519.5472 514.2919 510.6168 507.877 501.3459 495.9247 490.5239 486.6665 481.5931 476.8004 473.8952 469.8272 465.3934 459.2694 456.9943 453.7159 449.9904 446.6242 442.9621 440.4185 436.57 430.7816 426.5011 421.2196 416.1554 409.0052 401.9597 394.0962 389.5336 383.7856 382.107 374.9634 368.0478 371.3242 371.4665 372.8394 369.2323 365.0543 364.3826 363.2435 361.7086 356.4836 352.1104 346.5325 343.6198 342.0384 340.2482 339.1666 337.2573 335.0776 334.4822 334.8642 336.0778 338.8022
561.7781 559.2786 556.1155 552.9164 550.3475 546.1827 540.9141 534.9982 529.1852 522.8863 518.5439 515.9849 509.8846 504.1576 499.4395 495.4466 490.0284 485.063 481.6112 478.0004 473.2401 468.0571 463.9781 462.0357 458.3075 454.686 451.3779 447.8595 445.3571 439.6868 433.589 429.1608 426.344 418.7531 412.7758 405.5323 399.8717 394.9808 389.0221 384.5944 378.5482 371.5574 373.9186 376.8961 376.6983 372.335 369.0413 367.5111 368.9081 364.1585 358.1846 353.0514 350.2312 347.953 346.3807 344.9277 343.6215 341.5297 340.7668 340.2542 340.6797 342.0274 342.9013
564.7452 562.7084 558.4048 555.3431 552.1904 548.0782 543.53 537.2392 531.3101 527.8351 523.1489 518.853 512.5242 507.8311 503.6418 498.7954 493.5607 492.577 486.235 481.9011 480.1987 473.84 470.3416 466.5236 462.3828 458.3811 456.9862 454.0873 449.608 442.793 437.1107 432.7287 431.0578 421.9779 416.8382 411.6111 403.655 398.0419 392.5727 387.7445 381.0336 376.3047 379.6897 385.3182 381.1062 376.4823 373.7444 374.9858 374.0209 366.0827 363.7419 357.8266 354.7134 353.2442 351.4383 351.5927 349.4622 347.7625 347.3856 346.1606 346.7721 348.9133 349.9776
570.0323 567.0337 563.9629 559.5298 556.42 550.6979 546.6385 542.1448 535.0129 532.7098 528.1426 522.3329 516.3949 512.1626 508.4732 502.3754 498.1778 494.8233 490.3556 485.2692 481.4022 479.1352 476.2702 471.2885 466.6356 463.1885 460.6094 458.0105 452.5715 445.753 440.6997 435.2944 431.9496 426.6376 420.4234 413.3478 406.3413 400.8207 395.8708 389.8512 383.6584 383.0927 388.2988 389.9524 384.3771 380.2309 378.1754 377.5209 376.0114 369.3572 364.5138 361.8392 360.729 359.1483 357.9029 357.7686 354.8252 353.2892 353.0099 353.5835 352.83 354.4187 356.2574
576.586 572.229 568.3702 563.777 559.6156 554.9979 550.0435 545.1833 539.2034 536.8231 532.3839 526.4982 519.9011 516.0828 511.4238 507.9908 504.0845 499.0022 494.2124 489.9293 487.7669 485.899 482.4352 476.3496 471.6801 468.2793 464.3159 459.7165 455.2411 448.9501 443.8161 438.811 434.9092 429.1038 422.5006 416.4293 409.6455 404.4069 398.4824 391.6883 388.3142 389.1006 393.9331 393.9894 387.133 384.1816 383.6054 381.5317 375.674 373.7953 369.087 366.2051 366.2149 364.6548 365.0389 364.955 359.6198 359.6115 358.8449 358.8117 359.7473 361.404 362.2329
582.6189 578.4898 573.9697 568.1658 562.9106 558.4495 554.2605 549.6447 544.4067 540.544 535.4352 529.0324 524.71 520.4921 515.9705 511.9657 507.2744 502.3371 498.8065 495.8916 494.9341 493.5168 489.3202 482.8572 478.3311 473.1271 468.4633 463.5014 459.2176 453.0547 446.5678 442.949 437.2893 430.962 424.7701 418.62 412.1209 405.6796 399.2882 393.7792 393.751 399.0096 399.7384 394.5524 390.9236 389.0015 388.7481 384.0518 379.8414 376.6997 373.8766 371.0161 370.475 370.3101 370.6483 367.7509 365.1181 364.5661 364.582 365.0459 366.8982 368.0436 366.7692
