putauaki_8m.txt
ncols         538
nrows         500
xllcorner     1925200
yllcorner     5773500
cellsize      8
NODATA_value  -9999
[rows 56 to 83 of 500, columns 441 to 503 of 538]
136.8801 133.77 128.9976 125.4884 122.0249 118.9346 115.1236 111.9166 111.3277 107.9647 105.6307 102.9545 100.1742 97.79915 94.9419 94.02718 93.24194 92.18497 91.35802 90.47218 89.71513 89.1476 88.6806 88.23882 87.83468 87.38371 87.2094 86.92747 86.42436 85.97729 85.5961 85.15585 84.83431 84.54484 84.30635 84.10085 83.64709 83.30845 82.83928 82.53257 82.37705 82.19563 82.42678 82.08939 81.90657 81.69829 81.53337 81.82607 82.53484 83.71685 87.45135 91.61626 94.90422 93.94226 92.27409 91.79301 92.91474 95.4673 98.8951 102.2429 104.1111 104.7977 106.6577
130.0571 128.5164 123.7565 120.1948 117.3213 114.8097 113.1259 110.1488 108.1656 105.0389 102.0287 99.60389 97.21856 94.75286 93.21945 92.68771 92.45965 91.93775 91.04701 90.00318 89.63429 89.12691 88.75649 88.37377 87.97968 87.77585 87.24992 86.89046 86.42296 86.09106 85.68516 85.3892 84.9794 84.65855 84.74222 84.43122 83.95782 83.5465 83.02838 83.03974 82.91671 82.72591 82.54333 82.38132 82.08539 81.95174 81.99405 82.83597 83.64754 84.99496 87.79155 92.16299 96.49298 96.39149 93.99004 92.83761 94.26022 96.6077 100.8545 103.6445 105.1534 106.736 108.2498
123.9906 122.882 120.6226 116.8411 113.4364 111.1898 110.3005 107.4809 105.244 102.7112 99.25676 96.63599 95.25894 94.3327 93.75326 92.20934 91.87215 91.65127 90.72736 90.16174 89.80744 89.46523 89.16933 88.6929 88.21334 87.8281 87.40084 86.91207 86.49614 86.14323 85.81693 85.45762 85.13944 85.14979 84.8318 85.13394 83.7953 83.49122 83.2821 83.7667 83.76442 82.83337 82.55096 82.47369 82.34586 82.31923 83.21774 84.45104 85.55064 86.87698 89.4454 93.6124 97.63694 98.22543 96.33886 94.08469 95.50299 98.34538 101.9589 105.7697 107.5601 108.9753 109.9056
118.6523 117.3077 117.87 115.1953 111.9709 108.3777 107.0502 103.7957 101.1804 99.33379 97.30421 95.76827 94.57005 94.25886 93.53488 92.78766 91.85757 91.20222 90.80067 90.30148 89.87402 89.62296 89.18498 88.76454 88.30793 87.91222 87.48665 87.27788 86.66486 86.32323 85.95325 85.5045 85.35054 85.3333 84.91608 84.23592 83.84991 83.66875 83.5295 84.31149 83.82536 83.24176 82.84048 82.84663 82.71712 83.17348 84.99492 86.76819 87.98746 89.22147 92.0546 95.75986 99.65565 101.0138 98.73899 96.13457 96.23657 99.46354 103.0031 107.122 110.3077 110.9597 111.3696
114.3662 112.5501 112.9834 111.3009 109.6296 106.2539 104.2217 100.9765 98.60583 97.27721 95.30672 95.24763 94.90997 94.59904 93.94441 93.204 92.41239 91.46577 90.90974 90.64668 90.07661 89.75058 89.11431 88.85147 88.11351 87.93849 87.29678 87.07381 86.7117 86.20204 85.99957 85.77186 85.53081 85.45447 84.72051 84.23661 83.95174 83.73132 84.06833 84.3796 84.38017 83.25909 83.16079 83.23882 83.08283 83.96751 86.31104 89.12875 91.13757 92.21542 94.56698 98.55579 102.2437 103.4847 101.0331 97.93571 97.97544 101.2369 104.5198 108.4201 112.0459 113.0559 113.149
112.3723 108.9915 108.9036 106.3385 104.0141 102.1522 99.95534 97.97928 96.24059 95.48096 95.26974 95.5509 94.76447 94.69238 94.05077 93.25733 92.19234 91.77665 91.11556 90.69106 90.15331 89.67533 88.90398 88.72504 88.0434 87.69676 87.45497 86.93729 86.62929 86.34077 86.09985 86.03477 85.59938 85.0377 84.6534 84.22628 84.17771 84.79031 84.77376 84.25189 84.27648 83.54119 83.51643 83.39024 83.4507 84.55696 87.40869 91.13582 93.95103 95.78723 97.67862 100.7225 104.352 105.9872 103.9506 99.77953 100.18 103.483 106.5509 110.3424 113.65 115.267 114.0119
110.9207 107.0772 105.0507 102.8672 100.1997 98.6245 97.6224 96.85516 95.93388 95.51214 95.40488 95.39911 95.72215 94.77219 93.90166 93.29667 92.11921 91.76377 91.09123 90.67113 90.16997 89.40857 88.9636 88.55149 88.06116 87.66166 87.35603 86.96466 86.76637 86.555 86.16075 85.86741 85.20226 85.04336 84.58118 84.32447 84.39533 84.45184 84.56773 84.12808 84.38844 83.86836 84.19036 83.79745 83.99142 84.90897 88.57209 92.86363 96.47404 98.99147 101.1291 104.0636 107.1502 108.4305 106.0059 102.1827 101.6175 105.2023 108.3923 111.4583 114.9238 116.6835 114.4461
106.9983 104.1041 103.2407 101.4629 99.45276 97.89146 96.55247 97.37035 96.70269 95.0033 95.07538 95.40546 95.77053 94.94688 93.77014 93.1552 92.49302 91.79164 91.21947 90.55497 90.17823 89.47248 88.65738 88.61143 88.23405 87.72692 87.50648 87.15866 86.90076 86.40101 86.04225 85.81982 85.38177 84.87809 84.64926 84.69224 84.66542 84.74796 84.78648 85.52216 85.5901 85.74212 84.22194 84.29859 84.56664 85.49072 88.18906 92.42422 96.35229 99.96265 103.3875 106.793 109.7756 110.9837 108.4193 104.1018 103.6912 106.6465 109.8615 113.2079 116.4534 117.7344 114.9179
102.8957 102.3439 102.0905 100.7648 99.04755 98.06446 99.18813 98.05524 96.58154 94.95647 94.53172 94.57573 95.55975 94.69859 93.69971 92.71415 92.1963 91.77611 91.18739 90.60153 90.03035 89.53796 89.05143 88.64508 88.52673 87.97652 87.63768 87.42779 86.96207 86.47144 86.33604 85.77374 85.53354 85.22247 84.82877 85.03824 85.29209 85.24503 85.83273 86.9042 87.20403 87.2795 86.00819 85.07676 85.25806 85.71532 87.60295 90.48173 94.30738 98.38092 102.598 106.7864 110.6122 112.7718 110.873 107.323 105.5892 108.5533 112.1387 115.3769 118.2666 118.4663 115.0471
101.5977 100.9603 100.6619 99.94986 99.56516 98.93414 100.069 100.9104 98.01638 94.47861 93.9922 94.49267 95.20592 95.4923 93.50051 92.40506 92.10229 91.65623 90.88046 90.58009 89.95706 89.58749 89.30612 88.94766 88.44418 88.27418 87.85968 87.38139 87.26997 86.66576 86.33588 86.28759 86.84239 86.42582 85.86105 85.65182 86.11903 86.84109 86.53354 87.26825 87.69206 87.77834 87.59761 85.85498 85.96973 86.53821 87.06537 89.05584 91.99408 96.09008 100.5371 105.2877 109.7547 112.9823 113.1748 109.6584 106.9976 110.1858 114.6435 117.7909 119.4821 118.7828 114.4685
101.1738 100.9231 100.5135 99.90732 99.36687 99.37427 101.5091 102.1126 98.13588 94.21091 93.72028 94.10963 94.05232 94.24189 93.42468 92.7219 92.15928 91.4528 91.11814 90.40486 90.18999 89.62023 89.19644 88.9082 88.64306 88.01945 87.73164 87.22033 87.16692 86.79751 87.35183 87.80274 88.09248 87.59689 87.19231 87.13887 86.6841 86.86814 87.35857 87.8427 88.18009 88.25695 88.59984 87.34866 87.0452 87.39236 87.91268 88.73878 91.15269 93.86227 98.38649 103.6151 107.8358 112.4014 114.4505 112.1284 109.6453 112.6456 117.0999 119.0262 120.4128 119.0779 115.1954
101.5448 100.5568 100.219 99.80869 99.44208 100.1795 103.4253 101.956 97.72367 94.31216 93.37907 93.57405 93.54418 93.27796 93.16871 92.44953 91.96404 91.61926 90.93717 90.54932 90.2072 89.82109 89.32611 88.91115 88.69209 87.93999 87.81346 87.48459 87.34822 87.72594 88.92034 90.06398 90.34394 91.59289 91.32924 89.86618 88.87655 88.24245 88.14931 88.50298 88.56303 89.06074 89.97713 88.8864 87.87203 88.22733 88.81902 89.07325 90.46762 93.21408 96.69867 101.0643 105.98 111.0949 115.2328 115.4742 113.0101 115.544 118.2882 120.1257 121.9445 119.3095 115.1361
101.3131 100.8896 100.6021 100.3154 100.2733 101.0361 104.0059 102.7841 99.16373 94.85226 93.1832 93.08634 93.11298 93.0848 92.55878 92.18764 92.19585 91.48922 91.2923 90.6339 90.17841 89.75957 89.29846 89.21021 88.69124 88.30629 87.84413 87.63643 88.60905 90.11374 91.73242 93.66647 93.98682 96.00842 95.69035 93.66249 91.01161 90.66884 90.07788 89.48564 89.21145 90.25 91.13527 89.9558 89.11115 88.89252 89.51679 89.86481 90.70826 92.60535 95.38192 99.30366 103.1392 108.3657 113.512 115.9863 116.0998 116.6455 118.9715 121.2281 122.4389 120.5283 116.0263
101.3946 101.3929 101.0291 100.6543 100.472 101.4583 104.5617 103.9956 100.4133 95.54501 92.68692 93.13188 92.67638 93.24811 92.66591 92.66348 93.82437 93.3094 92.79592 91.45491 90.42004 89.75888 89.51595 89.45696 88.61772 88.10332 87.97411 88.54115 91.18045 94.07882 96.57983 98.07934 98.68227 100.2265 99.36443 95.78985 95.45788 94.19366 92.21534 90.9269 90.81445 91.10374 92.36519 93.02852 92.20496 90.68195 90.26857 90.74603 91.3616 92.60889 94.81666 98.0702 101.6269 106.3133 111.7353 115.879 116.7864 117.2445 120.3036 121.9281 123.0556 121.7652 117.9526
101.8696 101.5241 101.3276 101.0295 100.6459 101.533 104.2311 103.1027 99.26564 95.00919 92.48357 92.75116 92.52576 92.41077 92.35455 93.67616 96.58446 97.31248 96.68102 94.2371 91.32184 90.01403 89.92744 89.56528 88.67347 88.73956 88.81896 89.83574 93.36419 96.884 99.65096 102.2731 104.2456 104.6057 103.2136 100.4665 99.58212 96.92896 95.68654 93.84967 92.21687 92.46465 93.76839 95.87547 95.92156 94.3149 92.56032 91.97602 92.06982 92.81452 94.041 96.6975 99.97626 103.7558 108.3508 113.84 116.6683 118.0808 120.7402 121.5567 123.2972 122.4164 119.5708
102.314 101.8661 101.6938 101.3622 101.0021 101.1681 102.6275 100.0083 96.67249 93.61317 92.28368 92.57747 92.42186 92.20027 92.46127 94.42716 98.72466 100.9199 99.92291 96.46404 92.38734 90.34626 89.64182 89.1796 89.04617 88.73808 88.59274 90.1102 93.17506 97.07892 101.8433 104.7821 107.2905 108.7885 107.2373 106.1738 103.7991 101.3389 98.72313 96.40238 94.4878 92.81755 95.32119 98.54651 99.51764 97.74277 95.96262 94.34485 93.07116 93.31584 93.60994 95.97305 98.4425 101.6611 105.845 110.4155 114.8474 117.6061 119.7926 120.9797 122.7343 123.7116 120.4066
102.5385 102.2969 102.0724 101.6338 101.4439 101.3961 100.3992 96.89622 93.84911 92.94441 92.32047 92.76566 92.32399 92.15454 92.4016 94.35529 98.82578 102.1496 101.3089 97.46609 93.06133 91.36387 90.00566 89.75107 89.61339 88.85165 88.82299 89.58581 91.30984 95.9647 100.5394 105.3768 108.7701 110.7657 110.28 109.5848 108.1144 105.9239 102.7197 100.1637 97.1714 94.86639 96.47953 100.1464 102.4593 101.5399 99.58531 97.7176 96.55349 95.39885 94.95362 94.99503 97.09403 100.1588 103.035 106.5398 111.6442 116.9221 120.4826 122.1388 122.8043 124.1877 121.9069
103.0857 102.757 102.1566 102.1859 101.8116 101.5273 99.60011 96.30733 94.76627 93.38079 92.39645 92.60281 92.58167 92.26229 92.36765 93.6404 98.11344 101.5887 100.7131 96.57262 92.77219 90.97768 90.27219 89.48008 89.27866 89.04324 88.95084 89.30617 91.14332 93.85966 98.45254 103.6731 107.9006 111.121 112.8066 113.0677 112.3435 110.2374 106.2228 102.6104 99.01741 95.76167 97.30335 101.4301 105.3129 105.6391 103.6221 101.6397 99.48807 98.16587 96.48738 96.11 96.45155 98.46799 101.1827 105.3219 109.6189 114.8881 119.1323 122.6221 124.0432 124.4552 124.1299
103.5326 102.924 102.7844 102.2567 102.1247 102.1459 101.3797 100.092 98.14391 94.76036 92.59502 92.47136 92.7983 92.39963 92.24319 93.40134 97.65912 100.7087 99.51009 94.64 91.98299 91.498 90.52522 90.64458 90.43909 89.23122 89.29053 89.57036 90.90422 93.2397 96.70277 101.1526 105.1466 110.1037 113.5204 115.1772 114.7562 112.9447 109.3699 106.147 101.4908 98.10743 98.53365 102.6795 106.3908 108.8355 107.7089 105.8446 103.56 101.0689 99.65968 97.9927 97.35353 97.81893 100.7973 103.7505 107.4213 112.1533 116.3853 120.8381 124.1799 125.4048 125.8508
103.7466 103.2537 103.1868 102.7798 102.3719 103.061 104.3151 103.0517 99.92488 95.69132 92.79199 92.75674 92.63184 92.32355 92.30029 93.57998 98.27339 99.22305 94.5042 92.96497 92.31757 92.46192 93.16565 94.04247 92.86851 91.06091 89.77615 89.86156 90.92344 92.31638 95.55429 99.43781 103.0988 108.1169 112.5599 115.5684 116.8879 115.2884 112.4824 108.1169 104.3918 101.183 101.0232 103.7304 108.1479 111.9725 112.034 109.532 107.0898 104.6476 103.2328 101.0137 99.30502 98.78718 99.60915 102.6901 106.1702 109.6565 113.7294 118.1426 121.8937 125.6493 127.3101
103.9874 103.6352 103.432 102.8914 102.8416 104.6639 106.5492 104.1736 99.848 95.42368 92.7865 92.93724 92.75254 92.6657 92.50957 94.18236 96.98728 94.98958 94.13602 95.011 95.02813 95.86443 97.61083 98.23885 96.41706 93.23304 91.05431 90.63763 91.50281 92.67133 94.42058 98.09926 102.2705 106.2734 110.6134 114.6616 117.6741 117.8477 115.1667 110.7702 107.601 105.5684 106.3251 106.9172 110.627 113.9209 115.8248 113.7526 111.3615 109.0706 107.2938 103.6173 101.6644 100.2671 100.1489 101.9318 104.5157 107.0493 110.5891 115.0082 119.3689 124.4322 126.7737
104.1174 103.7276 103.7889 103.6007 103.5066 105.7987 106.7503 103.658 99.44332 95.11137 93.01909 92.78158 93.68973 93.15019 93.12843 94.0926 94.61079 95.08338 96.19776 96.70532 98.83183 100.0058 101.7041 101.8041 99.44934 94.88048 92.45155 91.42552 92.08067 93.15685 94.52094 97.42429 100.6439 104.247 107.9076 112.4918 116.808 119.0717 117.9899 115.0512 112.9966 112.2492 111.7572 111.7387 114.1355 116.4911 117.866 117.3252 115.1804 113.6711 110.4019 107.7012 105.6625 103.6433 101.5854 102.0067 103.8693 106.4331 109.3725 112.9367 118.2057 123.28 124.9079
104.5028 104.3168 104.3311 103.9066 103.9117 105.8621 105.4597 102.34 98.30344 94.8678 93.1392 93.24622 93.6645 93.40355 93.79716 95.03268 95.45128 100.1489 100.5754 99.96943 102.1837 104.4355 105.7981 104.6818 101.29 97.17185 93.83341 92.15789 92.67219 93.56998 94.97438 96.86327 98.56674 101.6256 106.0636 110.793 115.1639 119.1136 119.8832 118.8117 117.4432 116.3085 117.1044 117.4522 118.0534 118.8362 119.1668 119.6605 118.41 117.1596 114.8179 112.4746 110.2259 107.9281 104.7124 103.0764 103.2696 105.7391 108.7131 112.6394 116.9809 121.2823 122.3569
105.1419 104.9647 104.6522 104.5193 104.8157 104.8638 102.2691 99.30874 95.97127 93.88074 93.74111 93.05114 94.02551 94.62135 95.14485 95.54585 98.98479 103.6242 104.8672 105.2192 106.915 108.4069 108.846 106.5744 101.8646 97.7123 94.28973 93.36627 93.02485 94.00545 95.6841 96.44957 98.02495 101.5445 104.7254 108.5799 113.0848 117.3653 120.7237 120.9148 120.8776 119.5072 120.3235 119.98 120.1211 121.4512 121.244 122.0654 121.0325 120.4668 119.1755 116.8023 113.9072 110.9543 108.0435 106.4339 104.233 105.5116 107.8392 111.4261 115.5725 119.3717 120.7734
105.6475 105.3023 105.0606 105.1576 105.7044 102.8667 99.17997 96.46817 94.65861 94.78716 94.33239 94.09917 95.70573 95.49142 95.58029 95.98676 99.39719 103.9455 107.6496 109.3817 110.6097 111.6883 110.5173 106.4322 102.1039 97.39323 94.96883 94.11192 93.72954 94.54998 95.92815 97.26975 97.96199 99.96494 102.3728 105.971 110.7072 115.1271 119.5821 122.6621 122.5442 121.6185 122.7758 122.8748 122.8586 123.5973 123.6624 123.9285 123.71 124.0399 122.9168 120.9192 118.4361 114.6372 111.7484 109.159 106.5759 106.5316 107.2482 110.4822 114.4439 118.9563 119.8806
106.129 105.5695 105.4623 106.7774 106.0596 102.0015 98.54862 96.28642 96.17421 95.81139 94.93376 95.52025 95.92516 95.86704 96.12278 96.18478 99.38704 103.9904 109.0203 112.0444 113.87 114.0023 111.193 106.6283 101.4035 98.52206 95.75386 94.97393 95.33138 95.95828 96.53398 98.22406 99.19195 99.82384 101.6967 104.331 108.5911 113.9758 119.2571 122.5724 124.6574 123.9515 124.5365 124.8729 125.3892 125.8324 126.0083 126.6382 126.6254 126.9137 125.8008 124.2548 121.5673 118.3061 114.9051 112.0686 108.9748 107.4789 107.8172 110.5688 114.7122 118.5719 119.8913
106.2634 105.9597 106.8946 108.1642 105.7999 102.0599 99.32917 97.96184 97.39764 95.95162 95.92617 96.27149 96.27309 96.17208 95.74962 96.65892 99.39575 103.3777 108.7783 112.9353 115.6901 114.8795 111.9289 107.7054 102.2217 98.29135 96.88257 96.18565 96.48641 97.06384 98.38129 100.3789 101.6918 102.263 102.1327 104.9615 109.016 114.2924 119.7154 123.8394 125.9232 125.7057 126.8376 127.6027 127.8277 127.9781 128.5839 129.1635 129.4734 129.2815 128.5559 126.645 124.6736 121.8876 118.2877 114.8178 111.0775 108.3294 108.5863 111.308 115.3031 118.8627 119.8477
107.297 107.0745 108.0336 106.2873 103.4116 100.9345 99.45803 98.6946 97.38004 97.51825 97.03519 96.88042 96.46627 95.94926 95.67268 96.78923 99.29043 103.0356 107.9011 113.2415 116.5964 115.9745 112.5304 107.7992 102.5036 99.39724 98.33727 97.86153 97.73734 98.4577 100.5515 103.6187 105.2398 105.0696 103.6442 105.7313 109.9767 115.1595 120.4682 125.1021 126.9285 128.3807 128.9383 130.0984 130.4658 130.8815 131.285 131.9527 132.7399 131.9601 130.7532 129.3588 126.7257 124.2107 120.4982 116.7211 112.4385 109.0213 109.6351 112.1748 116.0235 119.4733 119.9508
