putauaki_8m.txt
ncols         538
nrows         500
xllcorner     1925200
yllcorner     5773500
cellsize      8
NODATA_value  -9999
[rows 112 to 139 of 500, columns 0 to 62 of 538]
100.773 106.0388 110.5796 112.6904 112.8795 110.4269 107.2666 103.7023 101.0199 97.56153 93.80685 89.85612 86.24506 84.55633 82.95834 82.68271 83.28674 83.70736 83.43896 84.11436 84.76934 85.29946 86.64043 87.74584 89.5075 91.58332 93.40163 96.35454 100.279 104.6706 109.328 113.6365 116.6724 118.0187 116.036 117.0465 119.093 119.1424 118.4622 115.3094 111.3532 106.7904 102.3914 98.66879 96.33669 94.80684 94.69826 95.07191 93.6437 90.59957 86.79093 82.42145 78.89354 78.52685 78.16814 77.82469 77.5662 77.15826 76.62202 76.37025 75.62391 75.04286 73.20264
100.7525 105.8551 109.9186 113.3171 113.8146 112.5868 110.6388 108.0892 105.3477 101.6864 97.9374 94.82024 90.2759 87.54707 86.34528 86.24799 88.02415 88.18584 87.03147 86.74716 87.68991 88.57439 89.56863 91.71233 92.8641 95.64299 97.98763 100.0339 103.7467 107.9482 111.6659 114.9253 115.7148 114.7923 111.8139 113.3604 115.7098 116.1887 115.3491 112.6855 108.9985 104.8748 101.0305 96.7511 93.98666 93.44311 92.42358 92.93484 91.27173 88.31168 84.90594 82.09014 79.56616 78.80006 78.44373 78.3135 77.6727 77.2253 77.07292 77.06919 75.32632 74.07912 74.28122
101.0073 105.2133 109.1379 111.2301 112.374 113.6889 112.9229 112.1501 108.8737 105.268 101.5639 97.54522 94.66759 92.7037 91.39159 91.38094 92.21523 92.7313 91.08249 90.00182 91.19484 93.17178 95.15406 96.59005 97.71163 99.40992 102.7076 104.2007 106.8463 109.9709 113.2954 114.5427 113.4338 110.2078 108.5781 109.92 112.4634 113.8884 113.0574 109.716 105.9306 101.8479 97.9792 95.63277 92.37925 91.47358 90.97837 91.45459 91.11186 87.19605 83.42314 80.60008 79.55922 79.11147 79.01625 78.41647 77.81681 77.62073 77.59046 76.94522 75.66755 74.8149 75.73301
98.0566 102.8293 105.3386 107.737 108.9284 111.4101 113.7999 114.2126 111.2488 107.7326 105.0671 102.979 99.48035 98.525 97.14467 97.04656 97.83607 97.07909 95.55112 93.6397 95.08586 97.61669 100.3754 101.4937 102.8077 104.3497 107.5214 108.0218 109.9446 113.0488 113.5803 113.2411 109.6971 107.7067 106.1952 106.8905 109.783 112.1447 110.901 107.5176 102.9402 98.15458 96.28958 92.86697 90.63706 89.88142 89.61492 90.36317 89.70659 86.98777 82.68489 80.4207 79.7505 79.74264 78.95654 78.87441 77.96918 76.96103 77.50702 77.49781 77.08955 76.86654 76.89075
93.29115 98.85281 100.9049 103.2878 106.543 108.7031 112.4884 114.748 113.1273 110.1972 109.8097 106.824 103.7369 103.6874 102.7897 102.8186 102.6126 102.0733 99.77557 97.08981 98.78651 101.5468 104.2012 105.9845 107.4616 108.4413 110.9312 111.699 112.7027 113.1046 113.3181 110.1522 106.8575 104.8317 104.2202 104.7517 107.1806 110.038 109.382 105.217 101.1345 96.33993 93.89497 91.32002 89.93317 88.86858 88.33 87.53333 87.67208 84.16985 81.87212 80.87084 80.39682 79.69763 80.84597 80.03222 78.62103 77.80283 77.72492 77.44796 78.20733 79.78252 81.94133
89.78286 95.61002 98.10439 99.47163 102.8301 108.2703 111.8786 115.41 114.6653 113.9402 113.4418 111.0567 108.1899 108.7517 109.2383 108.5601 107.4728 107.2846 106.3609 101.3514 102.6358 105.4174 107.4996 109.633 111.072 112.0576 112.6686 112.5304 112.5955 112.4862 110.8757 107.9612 104.6021 102.9793 102.5959 102.964 104.861 108.416 108.3698 104.6797 101.0398 96.8371 93.77338 91.49083 90.39312 88.95841 87.12227 86.42932 85.16782 83.05128 82.02008 81.04762 80.44959 82.75769 82.97385 80.01807 78.67293 78.20472 77.77786 77.7448 79.51307 83.36031 86.09064
89.3522 93.32444 96.56828 99.87772 102.5256 107.5397 111.7709 116.0561 117.6336 117.5932 116.4405 114.8844 114.8135 113.5368 113.6506 113.3225 112.0797 110.1535 109.0825 105.9208 106.3676 107.634 109.1844 110.5793 111.8634 112.672 113.1225 111.2568 109.2474 108.6608 106.9898 105.2894 102.8206 101.5867 101.5529 101.8083 103.8376 106.1649 106.3153 103.4725 100.5531 97.48894 95.67529 94.31543 93.03799 91.48251 88.67503 86.48627 84.80875 83.59713 81.77324 81.16393 84.22393 86.53621 86.60256 83.43179 79.31707 78.43549 78.47609 79.81004 82.15218 85.73683 89.79709
89.05354 93.24862 96.24414 99.37941 103.7872 108.0196 112.4567 117.348 120.4331 120.9361 119.9631 118.9959 117.6928 116.9914 117.0206 114.5306 111.6784 109.9828 107.0579 104.9063 105.8495 107.1779 108.4438 109.8315 110.5317 111.6286 110.2958 108.3239 105.3996 104.4302 103.279 101.5344 100.1467 100.268 100.2954 100.4874 101.4733 102.7252 103.9409 101.0224 98.78111 96.87355 95.96101 95.71066 94.76387 93.15907 89.70675 85.94289 83.64351 82.42584 81.92208 84.60718 89.73168 90.55629 88.57897 84.95354 81.74227 79.46637 80.83092 82.36859 84.95924 89.01423 93.13918
90.73471 94.48728 98.17613 101.9134 106.2117 110.7706 114.9996 119.2 122.8493 123.3617 123.6477 121.9637 120.3038 119.0656 116.3666 113.5359 110.646 107.2825 103.2399 102.4144 101.7761 102.8706 104.083 105.9092 106.1586 107.5087 106.8021 104.3961 102.3163 101.1879 100.0305 99.27192 98.87277 99.21333 98.9722 99.24947 99.8252 101.2897 102.8038 100.3202 97.68494 95.19424 94.05714 93.214 92.48164 90.44946 87.5471 85.96714 83.11662 82.6196 82.53535 90.69588 93.75266 93.61185 91.54012 87.45929 84.26331 81.15182 82.78159 86.36295 88.80016 92.73666 96.77571
89.7195 93.59376 96.20348 100.3261 107.003 112.6451 117.0038 120.8476 123.7905 124.9959 124.4696 122.3311 119.8186 116.773 112.8589 110.2952 107.9185 104.2093 101.2878 100.2114 99.54369 100.0474 100.4471 101.4876 102.8815 103.7212 102.2109 100.4615 99.59753 98.90628 98.28613 97.96219 98.25153 97.92436 98.26634 98.659 98.73977 100.4348 102.0666 99.97421 97.65261 95.76515 94.46986 93.62923 92.6036 88.80878 86.21259 83.7479 83.29181 83.04027 90.313 95.9578 97.83473 96.73121 94.0311 89.64487 85.7727 83.10162 83.96375 88.11778 91.57422 95.76233 100.3415
85.46447 88.18813 92.50986 97.58694 103.7717 110.2844 116.3762 120.3908 123.0595 124.74 124.2587 121.6029 117.1519 113.3771 109.7022 107.0971 104.2352 102.1605 100.0284 99.10102 98.42805 98.09457 98.07973 98.63383 99.87518 99.54266 99.04213 97.5318 97.41235 97.63796 97.30416 97.11147 97.21111 97.35592 97.65336 97.55614 97.98317 99.54526 101.1502 99.84101 96.96392 95.49675 96.32699 94.84989 90.36974 87.30344 84.29544 83.96809 83.16422 89.26617 95.82295 99.56858 101.5873 99.53175 96.03914 91.87187 87.73039 83.69613 84.7484 88.42827 92.71425 97.01214 100.8145
82.01991 84.75045 90.36362 96.88811 103.7886 109.893 114.87 118.2369 121.9261 123.6534 122.8339 121.012 115.9855 110.6643 107.3071 104.5225 102.241 100.7286 99.63407 98.29377 97.4009 96.95036 97.06194 96.98899 97.12637 97.00369 97.40398 96.3021 96.36903 96.54176 96.21262 96.44862 96.80128 96.5965 96.73167 96.88943 97.47338 99.6819 100.9834 99.5676 96.55853 94.3802 95.31369 91.45805 88.0807 85.01028 84.50199 83.99034 87.75768 94.58509 99.84908 102.9775 103.3774 101.8563 98.11087 93.6199 89.25581 84.84834 85.88819 87.32848 91.46097 95.03968 99.16949
80.49981 84.34681 90.3371 97.07751 103.5381 108.4722 112.2912 115.6771 118.3328 121.16 121.3821 119.0459 114.1325 109.0967 105.2877 102.7393 101.2905 99.88947 98.8938 97.7949 97.22955 96.4741 96.12346 96.09058 95.84445 95.58952 95.98417 95.66704 95.36405 95.29702 95.78176 95.88862 95.6975 95.95501 96.18324 96.13725 96.58014 98.42504 99.39041 98.11723 96.16908 94.84126 93.02489 90.51643 85.54788 85.02602 84.39894 90.40935 92.92583 99.51636 104.5055 105.7602 105.0849 102.7937 98.67857 93.85563 89.35123 85.86646 86.92891 88.3459 89.86177 92.6278 95.45415
82.0169 84.10738 90.04073 97.37275 101.9804 106.1045 109.2351 112.3904 115.9096 118.057 120.3546 117.4992 113.6669 108.7414 105.0854 102.3801 100.6099 99.3276 98.3555 97.52019 96.69663 95.93175 95.53876 95.38467 95.11238 94.83289 94.77863 94.62402 94.65343 94.68076 95.03837 95.22214 95.24686 95.73529 95.60674 95.65685 95.81774 96.70641 97.22924 97.00389 95.47574 94.21477 90.92924 85.92478 85.51335 84.98052 90.79868 95.87237 99.68887 104.7103 108.3045 107.8978 106.5287 102.3281 97.82697 93.70226 88.8195 87.23486 88.76265 90.10555 91.1455 92.24762 93.86512
86.41816 87.29359 91.63184 97.06471 100.3019 103.4888 106.5243 109.2801 112.277 115.7013 117.5699 117.5687 113.6694 109.2025 104.7333 101.7229 99.79166 98.8903 97.82379 97.03683 96.41207 95.69888 95.08921 94.91168 94.71902 94.30987 94.06325 93.90109 94.25288 94.103 94.39466 94.51414 94.65434 94.63322 95.01064 95.30909 95.78204 95.63597 96.38864 96.91297 95.20552 92.86392 86.5764 86.00583 85.3254 88.29442 96.01193 101.4044 105.724 108.9621 110.4048 109.5364 106.3477 101.4141 97.43291 92.8722 88.92892 89.40351 92.10085 93.59035 94.02531 94.68683 95.34212
90.36323 92.62455 95.88644 99.3001 100.5083 102.0357 103.7761 105.6217 107.9518 110.914 115.5972 116.5987 113.8728 109.5165 105.2937 101.7838 99.83701 98.22697 97.35302 96.7092 96.02833 95.28809 94.73828 94.44776 94.07796 93.97415 93.54691 93.52322 93.48762 93.62306 94.00638 93.97707 94.09694 94.17609 94.8746 94.57954 94.54839 95.06001 95.23967 95.53206 93.691 86.99353 86.281 85.7849 87.74106 95.63187 101.8762 105.5996 111.4564 112.5524 111.9694 110.1423 106.2494 101.1416 97.1115 92.09899 89.25163 91.45134 95.00278 97.31946 98.35519 98.74039 98.14586
94.35062 96.84592 99.48116 101.7424 103.0037 103.4908 104.0762 104.7167 106.6448 110.1756 114.8653 116.4687 114.5067 110.0527 105.76 101.9347 99.49192 97.8969 97.19873 96.27719 95.71054 95.0299 94.59631 94.04379 93.58659 93.4036 92.9516 92.98733 93.04322 93.37789 93.48589 93.759 93.72429 94.01511 93.50785 94.0635 94.25507 94.90051 95.18075 94.03535 88.62996 86.61302 86.16681 87.23622 95.72226 101.8177 107.0985 110.5806 114.7488 114.9144 113.5192 110.5656 106.6445 102.8094 97.38878 92.72377 90.15357 93.003 97.39138 101.2077 102.2701 102.6702 102.3388
97.4805 98.18008 102.1662 105.7622 107.333 107.5045 106.4559 105.9848 106.8267 109.2048 114.927 116.2299 115.7026 111.47 106.9286 102.7077 99.74127 97.71419 96.80891 95.94436 95.41217 94.61102 94.18894 93.7626 93.3314 93.05925 92.73351 92.57047 92.59762 92.83489 92.82658 93.75201 93.23654 93.2003 93.73806 94.09423 94.34438 94.57845 95.28322 90.18433 86.66653 86.50692 86.55908 96.48631 102.5702 105.9196 110.5205 112.8486 116.0646 116.3809 114.6452 110.6951 107.6665 101.5041 96.88705 93.04921 91.17584 94.26218 98.25907 102.4563 105.2583 106.3594 105.7092
101.3123 99.63674 101.955 106.1359 109.7512 111.1891 110.016 108.0425 109.0516 111.3198 114.7459 117.9309 117.1806 113.1624 108.613 104.4582 100.4365 97.53651 96.38711 95.59615 94.79707 94.25537 93.86851 93.38219 92.99417 92.71082 92.47021 92.18393 92.15987 92.39581 92.62026 92.88448 93.04562 93.25114 93.52856 93.81088 94.18231 94.63203 92.41167 86.80007 86.7664 86.18856 94.0885 101.8585 104.395 106.3373 110.0846 115.2939 117.688 116.8516 114.6518 110.6404 106.057 101.6265 97.2515 93.71145 92.24381 95.01959 98.95947 103.5539 106.9305 108.4437 108.353
102.9319 101.09 102.2047 106.4286 111.4633 113.4109 114.9042 111.8249 111.2679 113.5678 117.1912 119.1258 118.1461 114.601 109.9161 105.5813 101.6406 97.58994 96.07153 95.3043 94.61657 94.17873 93.45424 92.99311 92.63816 92.49055 91.92545 92.04327 91.87044 92.0868 92.16899 92.60314 92.71265 93.32858 93.62467 94.06769 94.03896 90.71272 86.85973 86.86635 86.64755 91.05836 100.8141 104.5474 106.5085 109.5342 112.6739 116.7204 118.0822 117.0007 114.6688 110.5389 105.6042 101.3234 98.1489 94.07992 93.42715 95.33252 99.618 103.5592 107.3488 108.445 108.5456
107.2959 105.4639 104.6034 107.3635 112.2386 116.003 118.2481 117.4802 114.9949 116.0429 119.0495 120.233 118.0315 113.8495 109.7506 104.949 100.809 98.13258 96.24338 95.06133 94.35345 93.81001 93.11179 92.67764 92.49317 92.09147 91.73457 91.46697 91.56615 91.67521 92.00919 92.71741 92.86804 93.44359 93.54436 94.19962 93.19775 87.21629 86.80429 86.63834 89.05656 94.80775 103.7538 105.9547 109.225 110.9572 114.6477 116.7432 117.8491 116.968 114.7465 110.5807 106.1945 101.1033 97.18892 94.83512 93.89803 96.05073 99.45619 103.2875 106.1733 107.0918 106.1296
111.6209 109.9924 108.1468 108.9199 113.4452 117.812 120.1455 119.1866 118.6892 118.8671 120.8435 121.446 118.433 113.4303 108.6232 104.7475 100.7695 97.96742 96.31931 94.96574 94.25829 93.59486 93.22798 92.50996 92.16555 91.72471 91.4994 91.36263 91.29107 91.44041 92.22797 92.13602 92.43082 92.98801 93.38332 92.4332 88.47916 86.59583 86.6115 89.60888 94.03919 101.4785 107.5581 111.2327 112.1521 114.8238 115.9204 117.3899 116.8621 115.4657 112.9391 109.6127 105.4659 101.2488 97.4493 95.42185 94.74622 96.56887 99.14319 102.9236 104.7859 104.5123 101.7722
115.7174 113.6796 111.277 111.7324 114.072 118.6774 121.7561 123.1549 123.1905 121.9529 123.045 122.8802 119.1437 114.4595 109.549 105.4258 101.2903 97.90573 96.19443 95.18781 94.27312 93.73387 92.92194 92.25428 92.0026 91.81015 91.27107 91.15607 91.15656 91.56789 92.23232 91.85799 92.1803 92.71231 92.40788 89.39005 86.3631 86.50201 87.18964 94.9852 100.7545 106.0538 110.7137 113.4501 115.4855 116.9361 117.8864 117.2967 114.2567 111.4433 109.6269 107.7436 104.1008 100.2398 97.55348 96.21384 95.44894 97.04147 98.9901 100.9222 102.4119 100.661 98.84081
119.8674 117.7005 114.6426 112.2451 115.2844 119.8023 123.2808 126.3243 125.0764 123.5792 124.5875 123.3726 119.9685 115.4776 111.0133 106.5348 102.0639 98.17819 96.03155 95.28635 94.1991 93.41771 92.79855 92.22459 91.8016 91.24579 90.98239 90.99615 91.02764 91.98893 91.7784 91.71558 92.32604 93.12481 88.91228 86.03143 86.23385 85.9334 92.27508 99.49005 104.5565 108.2314 112.585 115.1772 118.0069 118.9886 118.3217 116.1214 112.6142 108.302 106.0253 103.5424 101.7221 99.53316 98.22391 97.57558 96.43416 97.07607 97.23983 97.3444 99.03976 97.21531 94.53858
124.4751 121.1886 117.5011 114.4495 115.589 119.8548 122.8357 124.5337 123.7607 122.8953 123.5553 123.179 120.7175 116.2924 112.3404 107.7503 103.1427 99.25166 96.22213 94.89442 94.15605 93.43121 92.83338 92.02938 91.57522 90.95227 90.94202 90.59269 90.82992 91.35625 92.69476 92.09569 94.01185 92.95051 85.92821 85.87611 85.87303 89.5912 96.89857 101.1848 105.0584 109.4199 113.8561 117.9405 119.7276 119.9891 118.6837 115.5639 111.238 107.4863 103.9498 101.8909 100.0262 99.11061 98.13364 97.38811 96.81899 96.05965 95.24386 94.47114 95.72789 96.35741 93.03785
126.9743 123.4099 119.3849 116.2211 117.8474 123.112 122.7693 122.3992 119.8283 118.5316 119.8664 121.3264 120.7523 117.5675 113.1931 108.536 103.7772 99.15018 96.72021 95.15234 94.39347 93.29423 92.46019 91.85326 91.37434 90.87481 90.63726 90.8196 90.98383 91.94014 93.5173 91.98863 90.83879 86.76121 85.48311 85.5853 88.05849 96.80188 99.00092 102.3068 106.375 110.8532 115.0522 119.0593 120.4555 120.0736 117.9253 113.893 109.5728 106.0757 102.6976 101.2103 99.22443 97.52361 96.38789 95.83742 95.31017 93.93203 92.81392 92.62411 93.48773 95.41795 93.63846
127.7535 124.118 120.4129 118.6204 118.6559 122.9781 122.1275 119.1547 116.0486 114.2228 116.1115 117.8775 119.952 117.992 114.5726 110.1981 105.4271 100.535 97.02451 95.26009 93.86949 93.13547 92.32539 91.89339 91.07521 90.6335 90.47173 90.81441 91.21626 91.51463 92.00029 91.83456 87.83989 84.9791 85.28659 86.02966 93.99973 98.43387 100.9104 104.4539 108.1485 112.2202 116.627 119.7204 120.6389 119.1867 117.1555 112.89 108.5996 104.2711 101.956 100.0682 98.82431 97.39753 96.21736 94.53461 93.18714 92.35911 91.66183 91.82716 92.51324 94.07223 92.42789
128.6373 125.2352 123.1469 121.3965 122.478 122.2918 120.2688 116.8824 112.8978 110.608 112.0301 115.17 118.2406 118.3704 115.8094 111.6854 106.7383 102.3804 97.9275 94.99226 93.84686 93.08542 92.14883 91.71175 90.84999 90.55169 90.16701 90.97995 91.9752 91.38183 91.09821 90.08476 84.51717 84.95408 84.69011 91.84876 97.11203 99.81062 101.9403 105.1763 108.9836 113.367 117.9525 120.0688 120.138 118.5866 114.7586 111.854 107.2822 103.522 101.1171 99.18021 97.93814 96.33911 94.86922 93.89771 92.7484 91.82288 91.0627 90.84261 92.21148 94.60072 90.70039
