putauaki_8m.txt
ncols         538
nrows         500
xllcorner     1925200
yllcorner     5773500
cellsize      8
NODATA_value  -9999
[rows 224 to 251 of 500, columns 126 to 188 of 538]
327.6436 330.1177 333.4977 339.0156 343.4274 346.4909 349.6995 352.0827 353.9691 355.9204 359.73 364.6754 376.9969 384.2533 387.6129 384.7661 382.7058 384.5403 386.86 387.7383 389.6426 392.4795 392.4561 396.477 397.9009 392.769 393.1203 394.6205 387.7945 380.5276 375.3593 369.4983 365.2669 359.5671 353.4827 348.6581 342.866 339.666 336.3326 330.4126 326.5892 322.3401 317.7849 312.4541 307.794 303.3321 297.8691 293.6743 291.7067 293.0773 300.0323 306.9334 313.2509 319.2363 327.6475 333.8425 343.2592 354.153 360.8109 367.8437 372.4792 377.5817 384.6076
330.2517 333.4637 336.7482 340.9596 343.94 347.6855 350.4157 352.2276 355.8233 358.7878 361.9434 369.6758 380.9449 385.6312 387.3298 382.2498 382.4688 385.7049 388.9221 389.2971 392.1481 394.4051 397.8761 400.498 402.9052 392.9183 396.4763 398.1279 391.835 386.1531 382.5405 377.1932 369.6381 364.1692 359.0369 354.1895 347.4269 344.5052 339.5271 335.765 330.6237 325.5505 320.5956 315.819 311.0764 307.1794 303.0206 297.834 293.5259 292.7799 298.1504 303.7029 309.615 314.9545 322.6627 332.3293 343.0939 349.3414 355.0221 358.072 365.1429 371.2506 378.1822
331.6366 334.5811 338.6381 342.6632 345.6378 348.4185 350.9154 353.0475 355.4521 359.864 365.2263 372.0855 380.738 385.9855 385.5346 381.6096 381.7811 387.075 390.4836 391.8331 394.7074 398.4004 401.0341 404.4424 403.8492 393.293 398.7452 401.8729 396.4681 389.8175 384.8198 380.9428 374.2326 369.5203 363.4048 357.1441 352.0439 351.0351 344.5316 340.3199 332.9508 328.4955 324.479 319.64 315.1319 310.2696 306.2542 301.2871 297.7805 294.7926 297.0148 301.6059 307.7515 313.5891 320.7835 330.2941 336.7476 344.2383 349.0666 353.3366 359.2277 365.2534 371.3816
332.443 335.3342 339.5415 343.4485 347.5006 348.8938 350.8073 353.5891 355.7625 360.2883 365.5791 373.8491 382.8403 387.3566 383.8573 381.442 382.2738 387.1217 392.6311 395.3079 400.6381 402.4413 404.4129 406.5061 403.1883 397.9451 402.5453 402.4114 395.5787 390.4461 385.5514 382.0474 377.7954 374.4471 365.955 361.0453 359.2654 356.3872 349.5944 343.5172 336.0498 331.34 326.496 322.1544 317.1332 312.9544 309.0301 304.1384 299.8819 297.7251 296.6759 300.558 306.51 312.7904 320.1065 328.0756 334.4596 339.9336 345.0327 351.0485 356.8362 363.2353 369.9553
332.5982 335.295 339.2626 342.4733 346.573 349.1534 351.3506 354.1318 355.9842 360.5576 366.7879 375.367 382.6716 387.8831 383.4894 383.6221 386.4534 391.5964 396.5721 399.3318 402.1895 405.503 407.5792 408.0571 403.1182 399.0201 402.7549 398.7161 394.2217 388.7397 383.9267 382.6342 379.6599 375.7299 369.8965 366.5667 365.2432 361.4661 352.244 344.2634 338.7151 333.6689 329.5964 324.1066 318.4605 315.0357 311.2198 306.9214 303.1971 300.2474 297.7411 298.962 305.0121 310.7985 318.4906 325.7971 331.2794 336.8472 342.4512 348.5515 355.3413 361.5504 366.9514
331.9621 335.3694 338.0811 342.0559 345.5668 348.7412 350.7195 353.2981 356.6022 362.7602 368.2806 377.8359 383.0804 385.7012 384.3453 386.5154 391.1523 395.2831 399.2445 403.3659 406.0181 407.0236 409.4616 407.654 403.4962 401.4534 403.5956 398.4085 393.6684 389.3704 384.6161 383.0858 381.097 379.5334 376.5823 374.3964 369.9311 362.7402 355.0298 347.4476 341.3499 335.9178 330.2216 324.3684 319.5513 316.2575 312.0458 308.2004 305.817 303.1384 301.1227 299.0888 301.8864 307.3 314.6045 321.6169 326.9204 333.8284 339.7505 346.6045 352.5643 357.1438 361.7152
331.8755 335.4606 338.9224 340.5313 344.2258 347.8668 350.2102 353.2857 358.1232 363.2146 371.6168 379.0582 382.8223 382.5269 385.4444 389.8454 395.3324 400.2646 404.5208 407.3706 408.6564 408.9421 409.8254 407.7322 403.2868 401.243 402.9858 397.8652 392.2339 387.2672 384.8814 385.1735 383.8372 382.0214 380.149 378.6262 371.2991 363.1319 356.5367 350.051 344.4204 338.6526 332.9896 326.564 321.8301 317.6658 314.7924 311.2846 309.1168 305.6536 304.1197 302.5758 302.4148 304.0392 309.6274 315.3192 322.6451 329.2574 335.9105 343.314 348.4308 352.4144 356.8914
332.3357 337.0183 338.9113 341.1418 344.8719 347.9396 349.736 353.0538 357.7064 363.0914 375.4096 378.3346 381.0486 383.1337 386.8766 393.0066 399.5274 407.0736 409.9074 410.9289 410.6476 409.8928 409.9568 408.6352 405.4699 401.4961 400.2521 395.2567 390.2264 387.3154 385.3364 385.7599 385.9396 383.7025 383.3075 380.9399 374.5318 366.5533 357.6489 352.2711 347.0394 340.9579 335.3361 329.814 325.4676 322.5368 319.253 315.9603 313.2447 309.4954 305.4922 304.139 304.3104 304.2877 307.2637 312.9884 319.2686 324.6435 331.3381 338.5904 342.8325 347.1284 352.2474
334.1876 337.7084 340.8204 343.1619 345.7304 348.7523 351.0538 353.548 357.0508 363.4675 373.9904 376.9614 378.8912 381.1404 387.3184 400.4666 406.232 411.7928 412.5805 412.6412 410.4675 408.6661 407.8297 406.9156 406.4565 402.1956 398.0657 392.8738 389.7727 388.9715 388.0872 388.3074 389.5733 387.1694 384.7949 380.6904 373.4372 366.9127 360.4918 354.6096 349.6087 345.1428 338.6505 333.9573 330.885 327.4648 324.3494 320.7842 316.5139 312.3609 309.1215 306.2033 306.6553 305.6998 306.6981 310.6657 316.2326 321.9764 327.6561 333.7111 339.2741 344.6099 350.0213
334.7369 339.6809 342.1042 344.6858 346.9007 350.451 353.3483 355.8398 358.2322 364.33 369.6155 372.7989 375.9309 380.7116 392.1268 403.5 411.7092 411.5347 410.7065 410.4113 406.9273 405.1993 403.8219 404.9486 404.8688 399.7134 396.3412 393.2082 391.5472 390.5372 392.7946 393.0747 391.6784 390.4509 388.2643 379.6226 373.8791 368.972 362.838 357.4042 352.7963 348.2576 343.9711 339.8601 336.4354 332.5111 328.7327 325.2192 320.9662 316.8651 312.8566 310.0205 307.1748 307.6332 307.0004 311.0214 315.749 321.5805 325.3669 332.0453 338.5066 342.248 346.6957
337.2847 341.1211 344.2522 346.1177 348.282 351.7851 355.4221 357.3363 358.4455 362.5443 366.8187 369.1631 372.9283 387.0064 394.9175 404.5072 408.6027 408.216 407.089 404.6948 402.9252 402.4513 400.4843 400.912 398.8232 396.0097 392.5793 393.1319 391.8114 393.5796 396.3774 396.3231 394.3292 392.7513 390.6923 384.9732 377.2505 371.1266 366.4236 360.7662 356.9324 353.1925 349.3833 345.4036 341.5587 337.606 333.8654 329.7432 325.5243 321.3753 316.8647 315.0001 310.6378 308.8665 308.3698 309.1135 312.8878 319.3004 323.6483 329.1393 334.6533 338.7584 343.7442
338.6468 343.3139 345.1714 347.9428 350.4916 353.4382 355.3515 357.7089 358.765 360.2986 363.3745 366.4808 379.164 389.0374 396.471 405.0727 407.787 404.7013 402.0749 400.2841 399.8522 397.2845 394.8112 396.6973 395.0325 391.5157 389.5457 391.0326 393.3193 396.8818 400.5586 397.9143 394.1191 393.3235 394.2278 389.4441 381.265 374.9245 368.643 365.418 364.713 361.4143 354.996 350.4964 345.8498 342.0344 337.9032 333.5874 330.1244 325.2746 321.2696 317.9465 312.416 309.2904 309.0817 309.9456 311.7024 317.9287 321.6502 325.3171 331.8831 335.8699 340.7857
341.1778 345.3142 348.1228 350.7241 352.4853 353.658 356.5345 357.4044 358.4506 358.4297 362.2222 368.8064 379.8605 387.342 398.0625 402.5304 403.4972 396.4159 396.0478 395.7545 394.6596 393.1959 391.578 390.3392 391.6173 388.8409 388.818 391.0787 394.7762 399.9211 402.9797 399.5105 395.7336 395.3441 396.8747 389.3677 383.1147 376.7219 373.4271 371.7766 371.9232 366.7564 360.9575 354.77 350.513 346.789 342.2654 337.5797 333.0627 329.3275 325.8163 320.0659 316.8454 312.3496 310.2511 309.7643 311.6305 314.6769 318.3094 323.2426 329.3544 333.128 337.5107
341.6188 346.5109 349.4601 351.2537 354.0578 355.9615 357.5907 357.8953 358.6036 359.9474 362.0139 369.5573 380.7168 389.1486 396.0345 399.7101 398.1532 393.6414 390.886 390.9467 391.2115 390.1492 387.7892 386.9591 386.9863 386.2777 388.377 393.2944 396.9125 403.1844 406.0284 401.0742 399.4213 398.5061 395.6851 389.5112 382.3851 381.2427 379.08 377.8174 377.6149 372.7203 367.0347 359.9576 355.9504 350.6801 346.3173 341.6182 337.8248 334.1172 328.6705 324.871 319.4082 314.8266 312.3005 310.3389 311.7918 315.0145 317.9803 322.3206 326.711 331.647 336.5307
343.1575 347.0068 349.9042 352.7962 354.9637 355.5418 357.5285 358.7983 359.2009 359.7414 363.5108 371.6997 381.2493 389.5045 390.7148 396.14 392.9484 388.9792 387.0295 387.6242 388.3943 387.6047 385.6004 385.8164 386.6515 387.9267 390.6151 395.7398 399.3581 404.5616 405.4059 403.4029 400.4437 397.7421 393.5665 388.7629 384.1564 385.2998 386.0062 385.1528 383.348 376.7237 372.8303 366.5268 361.8452 355.3175 350.2818 345.7268 341.1481 337.7614 333.7085 329.6876 324.4093 319.9525 316.4369 313.1207 312.5745 313.7202 316.6231 320.8372 326.0499 332.1044 337.1204
343.9632 347.4717 351.3446 352.9823 354.9016 356.0198 357.9576 359.2396 358.671 359.3712 367.0298 374.8493 381.545 387.453 386.5014 387.0859 386.8961 385.4824 385.7003 386.2793 387.2135 386.8232 386.9419 389.3206 389.3114 391.1433 392.3214 399.8333 400.7305 403.0778 401.4942 401.4846 398.9646 396.3083 393.0391 389.1259 388.8584 391.0658 391.9133 391.1517 389.6636 383.8482 377.9366 372.1574 366.5794 361.0193 355.0236 350.6085 344.9576 340.3257 336.7274 332.7344 328.1411 324.3367 321.0821 317.9444 314.3336 313.3393 315.7004 320.6931 326.1747 331.9135 338.0884
343.942 348.3395 351.9134 353.6071 354.5314 357.1006 359.6587 360.2202 358.5828 359.0336 368.4848 374.0514 380.0486 381.582 384.3532 380.4771 382.2484 383.0107 387.3705 387.2194 390.2777 390.6566 392.442 392.4972 393.5229 394.5453 395.0887 398.723 400.1326 400.5809 401.0796 402.7343 399.226 395.8194 392.3651 392.3601 394.7741 396.7874 396.9196 395.2629 393.1431 389.3568 383.6371 377.564 370.7285 364.9463 358.6031 355.5711 351.2143 345.789 340.3778 336.7646 332.6012 329.6246 324.5562 321.3987 317.4389 315.8915 316.3371 319.6402 325.7943 330.2325 336.2377
344.0606 346.9264 350.8779 353.2086 355.1228 357.9277 360.8574 361.6096 359.4188 362.064 368.1237 371.2998 377.0233 375.5691 377.4856 376.7823 378.9801 383.2994 388.4674 391.2491 393.5423 394.6825 396.5493 396.1493 397.1591 397.7505 398.311 398.8875 397.7844 398.1973 400.6693 400.1594 395.8481 394.0946 395.1745 396.7692 399.5132 400.9308 400.6743 399.9893 395.7538 391.6472 386.9377 381.2209 375.4238 370.6748 364.3472 358.9879 354.1584 350.424 345.5549 340.5081 337.7277 333.791 330.0233 325.8603 322.6877 318.6308 318.0658 319.0171 322.5527 326.1697 331.4746
344.3165 346.3656 349.3388 352.7809 354.4508 356.9062 358.877 360.2394 358.9317 361.3857 365.306 369.6737 375.8071 376.958 379.5453 381.5091 385.9513 387.1738 390.8811 393.9467 396.3407 397.1762 398.0978 400.4083 400.6737 401.5126 401.6806 402.4639 402.1894 401.7705 400.1612 400.2083 397.9584 398.304 400.5161 404.1964 405.9174 405.9985 403.8239 400.2321 395.9632 392.239 389.6651 384.9621 380.0798 373.6801 369.179 363.2394 359.0981 353.6356 349.1224 346.1955 341.2902 338.097 334.0736 329.338 325.6838 321.8298 320.1672 318.422 320.9355 325.4503 329.1501
343.614 346.7901 349.2565 351.1024 353.2284 356.0372 359.3727 359.4675 360.0792 362.9718 368.1668 371.3035 374.8581 378.9005 383.5541 386.3672 389.2727 391.4485 394.3751 396.5871 398.4091 400.9448 401.9603 402.8016 404.2547 405.518 405.2688 406.7409 407.6455 406.5489 403.6722 403.2565 402.7713 402.6228 405.4623 407.9029 408.976 407.2876 402.9443 398.6852 395.8352 393.9825 390.043 385.1007 381.3771 376.7121 372.1884 367.9473 364.4134 359.0033 354.7585 350.1093 347.385 342.6447 338.1324 334.0938 330.0669 325.3044 319.9527 319 322.127 325.5533 330.9095
343.6183 346.5749 349.5661 350.6973 353.3145 356.2647 360.1385 362.3683 365.0572 367.4116 369.6631 373.6933 379.6632 383.1595 385.6943 389.7912 393.1577 394.7462 397.6305 399.9615 402.9473 405.136 406.3818 406.2651 407.5021 409.1676 410.4227 412.8466 410.4351 408.6043 408.1824 407.5991 406.8656 406.5675 408.8361 409.1017 408.4182 404.71 401.0681 398.9765 395.8526 394.2443 390.4628 388.6305 386.0282 383.5913 378.169 375.1303 370.8719 364.2043 359.3844 354.9891 351.4597 346.2422 342.8877 338.0247 332.4559 327.0734 321.7426 319.8742 320.9023 324.7759 330.5708
343.9622 347.9104 349.8445 351.6804 354.9037 358.5446 362.0209 365.3414 369.3272 371.5714 373.8359 378.7088 383.0019 385.7942 388.9562 392.1757 395.561 398.9451 401.4615 404.1898 406.5693 408.5303 410.3272 410.3742 412.3148 412.6852 413.6229 410.7358 409.0188 409.5426 411.9008 411.0874 410.193 409.2895 407.9793 407.392 404.6697 402.7662 402.3374 400.6478 400.0062 398.5987 396.31 394.0005 391.9753 388.3969 384.4336 379.963 374.2511 370.4243 363.3353 359.4875 354.904 350.117 345.3152 339.5615 334.9512 330.1186 322.7947 320.7696 322.0591 324.9853 331.0254
343.2019 346.7986 349.9892 353.511 356.229 359.7318 363.7159 367.5346 371.1285 374.149 377.2479 380.36 384.0385 388.1173 391.3134 395.2737 399.6459 402.7853 404.6307 407.676 410.0607 410.3566 411.9142 412.3845 413.437 412.3741 411.674 411.1206 411.6416 412.1829 412.2091 411.7557 410.6298 408.5015 406.119 404.5489 404.8095 403.741 403.5343 403.3133 402.9254 403.3535 401.1275 398.671 396.6422 393.3461 389.2605 384.7306 378.6959 372.445 367.435 363.7659 358.6885 352.8732 347.2572 343.7967 336.7449 331.2297 324.995 321.6245 322.4099 325.6601 330.8123
342.9274 346.0471 349.7216 352.8149 355.9204 360.9257 364.8405 369.0822 371.7006 374.8203 378.8495 381.648 386.1039 390.979 394.7422 399.4915 401.3181 405.1505 407.0038 410.561 411.9689 412.5479 412.9622 414.8667 415.5854 417.2025 416.1768 415.1351 414.8333 413.9385 412.8615 411.8634 411.1494 410.4507 408.8984 408.5001 408.0533 406.858 405.622 404.2925 403.9582 404.3803 404.2364 402.8922 402.1492 398.4159 393.8416 389.061 383.8565 377.5546 372.4474 367.1666 361.3477 355.6903 350.7942 344.8911 338.995 334.8129 328.0191 325.5515 323.4075 324.9529 329.4274
342.3474 345.6146 349.5444 352.3018 356.1909 360.8215 365.1015 369.5327 373.4706 376.0475 379.7935 383.838 387.1811 391.6348 397.1049 400.4221 403.6005 407.2394 409.7687 412.3768 415.1818 415.5126 416.4282 417.9202 419.541 420.3597 419.8889 421.0533 420.1502 419.7224 416.6392 416.2609 415.9974 414.7538 413.5434 412.6835 412.7729 412.2514 410.3071 409.4135 407.9422 407.0701 406.4783 405.0882 404.295 402.5552 398.9878 392.8253 387.8468 382.3044 377.4136 373.7726 365.5298 360.0313 355.4182 349.0228 341.9524 336.5871 331.4394 326.4769 323.7585 325.475 329.4394
342.1552 345.3436 348.1965 351.6947 356.1096 360.9572 364.921 370.7093 373.7356 377.5141 381.9127 385.7924 390.2912 394.74 399.2232 402.8593 406.1449 409.251 412.7154 415.5145 418.4333 419.4378 420.5206 422.3072 423.5212 424.8291 425.2891 425.5693 424.5192 424.4433 422.9549 422.2377 422.3275 420.4005 419.4933 419.3636 419.1298 418.2791 416.1509 414.3743 413.3882 409.8537 408.3187 405.6053 403.8428 404.1783 404.0066 399.2335 394.5089 389.458 385.1891 379.4855 370.3683 365.6149 357.9936 350.6903 345.4908 339.8015 334.0591 329.13 324.944 325.1663 328.2615
341.8045 345.5919 348.4669 351.7202 355.9733 360.6323 365.4381 371.289 375.9495 379.0924 383.9813 388.7238 394.9843 400.0847 404.6819 409.2854 412.6368 415.7227 419.3439 420.8784 422.6475 423.8207 425.8476 427.2983 429.2238 430.3448 431.3563 431.4984 430.2184 430.4767 429.3432 429.3364 427.8106 427.4312 426.5085 425.637 424.5339 422.6622 421.1442 419.3623 417.9966 416.2168 413.64 409.9557 406.3689 404.2618 402.491 400.6399 396.8163 392.816 388.0821 383.2436 376.0253 367.4861 360.6872 353.5869 347.0987 342.3106 335.5255 330.0107 325.9238 325.2887 327.4273
341.6812 345.8293 348.4998 352.0457 356.5841 360.8489 365.8387 371.3057 376.8459 381.3225 386.8584 393.7653 399.3743 404.9756 410.7395 415.1371 419.6875 423.2649 426.4194 426.8822 429.2399 429.912 431.2401 433.8562 435.0428 437.3547 438.1597 437.8861 437.6537 437.6828 435.9084 436.2785 434.4309 432.3274 432.6399 431.9167 430.0435 428.2927 426.7214 424.5379 423.1714 421.1423 419.4381 415.3102 411.523 407.1939 403.1257 399.7022 397.1643 394.0455 389.5871 384.7484 377.971 370.0152 362.4832 356.077 349.1902 344.4524 336.51 331.5103 326.9433 325.9217 327.7499
